epoch,global_step,train_loss,train_accuracy,train_perplexity,learning_rate,val_loss,val_accuracy,val_perplexity,model_type,encoding,k_value
0,1,5.5604400634765625,0.0,259.93719482421875,0.0001,5.568179130554199,0.0,261.9566650390625,transformer,embedding,2
1,2,5.560436725616455,0.0,259.93634033203125,0.0002,5.434945583343506,0.0,229.28036499023438,transformer,embedding,2
2,3,5.427410125732422,0.0,227.5591278076172,0.0003,5.173618793487549,0.0,176.55259704589844,transformer,embedding,2
3,4,5.166581630706787,0.0,175.3145294189453,0.0004,4.801827430725098,0.0,121.73267364501953,transformer,embedding,2
4,5,4.795607089996338,0.0,120.9778060913086,0.0005,4.35964298248291,0.0,78.22920227050781,transformer,embedding,2
5,6,4.354578971862793,0.0,77.83404541015625,0.0006,3.912198543548584,0.0,50.0087776184082,transformer,embedding,2
6,7,3.9087131023406982,0.0,49.83477783203125,0.0007,3.5377495288848877,0.0,34.38943862915039,transformer,embedding,2
7,8,3.535946846008301,0.0,34.3275032043457,0.0008,3.2921786308288574,0.0,26.90140724182129,transformer,embedding,2
8,9,3.2918834686279297,0.0,26.893468856811523,0.0009000000000000001,3.1658105850219727,0.0,23.70795440673828,transformer,embedding,2
9,10,3.1665399074554443,0.0,23.725250244140625,0.001,3.0947682857513428,0.0,22.082120895385742,transformer,embedding,2
10,11,3.0957696437835693,0.0,22.104244232177734,0.001,3.0211334228515625,0.0,20.514530181884766,transformer,embedding,2
11,12,3.021658420562744,0.0,20.52530288696289,0.001,2.928637981414795,0.0,18.70214080810547,transformer,embedding,2
12,13,2.9280524253845215,0.0,18.691192626953125,0.001,2.82963228225708,0.0,16.93922996520996,transformer,embedding,2
13,14,2.827524423599243,0.0,16.903562545776367,0.001,2.750244379043579,0.0,15.646454811096191,transformer,embedding,2
14,15,2.7464287281036377,0.0,15.586867332458496,0.001,2.6972484588623047,0.0,14.838846206665039,transformer,embedding,2
15,16,2.691784143447876,0.0,14.757983207702637,0.001,2.653874397277832,0.0,14.208983421325684,transformer,embedding,2
16,17,2.6471567153930664,0.0,14.113851547241211,0.001,2.6060898303985596,0.0,13.545980453491211,transformer,embedding,2
17,18,2.598519802093506,0.0,13.44382381439209,0.001,2.555178165435791,0.0,12.8735933303833,transformer,embedding,2
18,19,2.547206401824951,0.0,12.77137565612793,0.001,2.5096402168273926,0.0,12.300503730773926,transformer,embedding,2
19,20,2.5015039443969727,0.0,12.20082950592041,0.001,2.474139928817749,0.42507970333099365,11.871492385864258,transformer,embedding,2
20,21,2.4658915996551514,0.5137289762496948,11.773975372314453,0.001,2.4477946758270264,0.8501594066619873,11.56281852722168,transformer,embedding,2
21,22,2.4393820762634277,1.09831702709198,11.465953826904297,0.001,2.4279022216796875,0.9032943844795227,11.335078239440918,transformer,embedding,2
22,23,2.419302463531494,1.1160318851470947,11.238018035888672,0.001,2.41230845451355,0.929861843585968,11.159692764282227,transformer,embedding,2
23,24,2.403491497039795,1.09831702709198,11.061731338500977,0.001,2.3996522426605225,0.9829968214035034,11.019343376159668,transformer,embedding,2
24,25,2.3906264305114746,1.09831702709198,10.920332908630371,0.001,2.3891782760620117,0.7438894510269165,10.904529571533203,transformer,embedding,2
25,26,2.3799116611480713,1.257750153541565,10.803948402404785,0.001,2.3803789615631104,0.6641870141029358,10.808998107910156,transformer,embedding,2
26,27,2.3708529472351074,1.2046058177947998,10.706520080566406,0.001,2.372875452041626,0.6641870141029358,10.728196144104004,transformer,embedding,2
27,28,2.36306095123291,1.2754650115966797,10.623419761657715,0.001,2.3663344383239746,0.6641870141029358,10.658251762390137,transformer,embedding,2
28,29,2.3561954498291016,1.2754650115966797,10.550734519958496,0.001,2.360487222671509,0.6641870141029358,10.596113204956055,transformer,embedding,2
29,30,2.349993944168091,1.2754650115966797,10.485506057739258,0.001,2.3551647663116455,0.6641870141029358,10.539865493774414,transformer,embedding,2
30,31,2.344291925430298,1.2754650115966797,10.425888061523438,0.001,2.350311756134033,0.6641870141029358,10.488839149475098,transformer,embedding,2
31,32,2.339076042175293,1.2754650115966797,10.371648788452148,0.001,2.3459789752960205,0.6110520362854004,10.44349193572998,transformer,embedding,2
32,33,2.334411144256592,1.257750153541565,10.323379516601562,0.001,2.3421709537506104,0.5579171180725098,10.40379810333252,transformer,embedding,2
33,34,2.3303415775299072,1.257750153541565,10.281453132629395,0.001,2.338864326477051,0.5313495993614197,10.369453430175781,transformer,embedding,2
34,35,2.3268508911132812,1.3108946084976196,10.245626449584961,0.001,2.3359735012054443,0.6907545328140259,10.339520454406738,transformer,embedding,2
35,36,2.3238401412963867,1.38175368309021,10.214825630187988,0.001,2.333369255065918,0.7970244288444519,10.312628746032715,transformer,embedding,2
36,37,2.3211846351623535,1.1160318851470947,10.187735557556152,0.001,2.330960988998413,0.9032943844795227,10.287823677062988,transformer,embedding,2
37,38,2.3187901973724365,1.222320556640625,10.163371086120605,0.001,2.328674554824829,0.7704569697380066,10.264328002929688,transformer,embedding,2
38,39,2.3165862560272217,1.2046058177947998,10.140995979309082,0.001,2.3264918327331543,0.7704569697380066,10.241948127746582,transformer,embedding,2
39,40,2.3145341873168945,1.1514614820480347,10.120207786560059,0.001,2.3244285583496094,0.7970244288444519,10.220837593078613,transformer,embedding,2
40,41,2.312624454498291,1.222320556640625,10.100899696350098,0.001,2.3225061893463135,0.8501594066619873,10.201208114624023,transformer,embedding,2
41,42,2.3108766078948975,1.3108946084976196,10.083259582519531,0.001,2.3207502365112305,0.7704569697380066,10.183311462402344,transformer,embedding,2
42,43,2.309295177459717,1.1868910789489746,10.067326545715332,0.001,2.319183826446533,0.6376195549964905,10.167372703552246,transformer,embedding,2
43,44,2.3078901767730713,1.2400354146957397,10.053192138671875,0.001,2.3177881240844727,0.6110520362854004,10.153191566467285,transformer,embedding,2
44,45,2.3066301345825195,1.3286093473434448,10.040532112121582,0.001,2.3165721893310547,0.5313495993614197,10.140853881835938,transformer,embedding,2
45,46,2.305515766143799,1.257750153541565,10.029349327087402,0.001,2.3155102729797363,0.5047821402549744,10.130090713500977,transformer,embedding,2
46,47,2.3044981956481934,1.1868910789489746,10.019149780273438,0.001,2.3145945072174072,0.5313495993614197,10.120818138122559,transformer,embedding,2
47,48,2.3035640716552734,1.2400354146957397,10.009794235229492,0.001,2.313793182373047,0.5313495993614197,10.112710952758789,transformer,embedding,2
48,49,2.3026819229125977,1.3108946084976196,10.000967979431152,0.001,2.3131070137023926,0.47821465134620667,10.105774879455566,transformer,embedding,2
49,50,2.3018593788146973,1.2931797504425049,9.992745399475098,0.001,2.312525749206543,0.5047821402549744,10.099902153015137,transformer,embedding,2
50,51,2.3010966777801514,1.2931797504425049,9.985126495361328,0.001,2.312049150466919,0.39851221442222595,10.09508991241455,transformer,embedding,2
51,52,2.300398588180542,1.3108946084976196,9.978158950805664,0.001,2.311654806137085,0.39851221442222595,10.091109275817871,transformer,embedding,2
52,53,2.299760580062866,1.2754650115966797,9.971795082092285,0.001,2.311318874359131,0.5047821402549744,10.087719917297363,transformer,embedding,2
53,54,2.2991721630096436,1.2754650115966797,9.96592903137207,0.001,2.3110170364379883,0.5047821402549744,10.084675788879395,transformer,embedding,2
54,55,2.298617124557495,1.3994685411453247,9.96039867401123,0.001,2.310728073120117,0.5844845771789551,10.081762313842773,transformer,embedding,2
55,56,2.2980854511260986,1.4526128768920898,9.95510482788086,0.001,2.310429811477661,0.5579171180725098,10.078755378723145,transformer,embedding,2
56,57,2.2975707054138184,1.4526128768920898,9.949981689453125,0.001,2.3101158142089844,0.6110520362854004,10.075591087341309,transformer,embedding,2
57,58,2.2970597743988037,1.3286093473434448,9.944899559020996,0.001,2.30979323387146,0.6110520362854004,10.072341918945312,transformer,embedding,2
58,59,2.2965714931488037,1.3108946084976196,9.940044403076172,0.001,2.3094711303710938,0.5579171180725098,10.069098472595215,transformer,embedding,2
59,60,2.296107530593872,1.2931797504425049,9.935433387756348,0.001,2.3091557025909424,0.5313495993614197,10.065922737121582,transformer,embedding,2
60,61,2.295665979385376,1.3463242053985596,9.931047439575195,0.001,2.308849811553955,0.5047821402549744,10.062844276428223,transformer,embedding,2
61,62,2.2952542304992676,1.3640389442443848,9.926959037780762,0.001,2.3085646629333496,0.47821465134620667,10.059974670410156,transformer,embedding,2
62,63,2.294851779937744,1.4348981380462646,9.922965049743652,0.001,2.308293104171753,0.5313495993614197,10.057243347167969,transformer,embedding,2
63,64,2.294461965560913,1.4348981380462646,9.919097900390625,0.001,2.3080501556396484,0.47821465134620667,10.054800033569336,transformer,embedding,2
64,65,2.2940773963928223,1.5057573318481445,9.915284156799316,0.001,2.307835102081299,0.45164719223976135,10.052638053894043,transformer,embedding,2
65,66,2.2937042713165283,1.4348981380462646,9.911584854125977,0.001,2.307662010192871,0.47821465134620667,10.050898551940918,transformer,embedding,2
66,67,2.2933290004730225,1.3994685411453247,9.907866477966309,0.001,2.307528495788574,0.47821465134620667,10.049556732177734,transformer,embedding,2
67,68,2.292961597442627,1.541186809539795,9.904226303100586,0.001,2.307440757751465,0.5047821402549744,10.048674583435059,transformer,embedding,2
68,69,2.2926077842712402,1.541186809539795,9.900723457336426,0.001,2.307387113571167,0.5579171180725098,10.048135757446289,transformer,embedding,2
69,70,2.292257308959961,1.541186809539795,9.89725399017334,0.001,2.307368040084839,0.5047821402549744,10.047944068908691,transformer,embedding,2
70,71,2.291908025741577,1.5589016675949097,9.893796920776367,0.001,2.3073651790618896,0.47821465134620667,10.0479154586792,transformer,embedding,2
71,72,2.291558027267456,1.5943312644958496,9.890335083007812,0.001,2.3073740005493164,0.5047821402549744,10.048004150390625,transformer,embedding,2
72,73,2.291208505630493,1.6297608613967896,9.886878967285156,0.001,2.307396173477173,0.5047821402549744,10.048226356506348,transformer,embedding,2
73,74,2.2908596992492676,1.5766164064407349,9.883430480957031,0.001,2.3074166774749756,0.47821465134620667,10.048432350158691,transformer,embedding,2
74,75,2.2904951572418213,1.7006199359893799,9.879828453063965,0.001,2.3074424266815186,0.47821465134620667,10.048691749572754,transformer,embedding,2
75,76,2.2901368141174316,1.7006199359893799,9.876288414001465,0.001,2.3074734210968018,0.5579171180725098,10.049002647399902,transformer,embedding,2
76,77,2.289763927459717,1.6829051971435547,9.872607231140137,0.001,2.307511329650879,0.5844845771789551,10.049384117126465,transformer,embedding,2
77,78,2.2893853187561035,1.7183347940444946,9.86886978149414,0.001,2.307561159133911,0.6110520362854004,10.049884796142578,transformer,embedding,2
78,79,2.2890048027038574,1.7183347940444946,9.86511516571045,0.001,2.307628870010376,0.5844845771789551,10.050564765930176,transformer,embedding,2
79,80,2.288599967956543,1.6474756002426147,9.861122131347656,0.001,2.307722568511963,0.6376195549964905,10.051506996154785,transformer,embedding,2
80,81,2.288195848464966,1.6474756002426147,9.857137680053711,0.001,2.307852029800415,0.5579171180725098,10.05280876159668,transformer,embedding,2
81,82,2.2877731323242188,1.6474756002426147,9.852972030639648,0.001,2.3080101013183594,0.5844845771789551,10.054397583007812,transformer,embedding,2
82,83,2.2873313426971436,1.7006199359893799,9.848620414733887,0.001,2.3082191944122314,0.5844845771789551,10.056500434875488,transformer,embedding,2
83,84,2.2868738174438477,1.7714791297912598,9.844115257263184,0.001,2.308457374572754,0.5579171180725098,10.058895111083984,transformer,embedding,2
84,85,2.286391496658325,1.7714791297912598,9.839367866516113,0.001,2.30873703956604,0.5579171180725098,10.0617094039917,transformer,embedding,2
85,86,2.2858757972717285,1.7183347940444946,9.834295272827148,0.001,2.3090548515319824,0.5313495993614197,10.06490707397461,transformer,embedding,2
86,87,2.285344362258911,1.6829051971435547,9.829070091247559,0.001,2.3094141483306885,0.47821465134620667,10.068524360656738,transformer,embedding,2
87,88,2.2847704887390137,1.7360495328903198,9.823431015014648,0.001,2.309812545776367,0.5047821402549744,10.07253646850586,transformer,embedding,2
88,89,2.284170150756836,1.66519033908844,9.817535400390625,0.001,2.3102481365203857,0.47821465134620667,10.076925277709961,transformer,embedding,2
89,90,2.2835187911987305,1.6829051971435547,9.811142921447754,0.001,2.3107354640960693,0.45164719223976135,10.081836700439453,transformer,embedding,2
90,91,2.2828283309936523,1.7360495328903198,9.804370880126953,0.001,2.311296224594116,0.45164719223976135,10.087491989135742,transformer,embedding,2
91,92,2.2820897102355957,1.7537643909454346,9.79713249206543,0.001,2.3119442462921143,0.45164719223976135,10.09403133392334,transformer,embedding,2
92,93,2.2812912464141846,1.7006199359893799,9.789312362670898,0.001,2.3126935958862305,0.5313495993614197,10.101597785949707,transformer,embedding,2
93,94,2.280435085296631,1.7714791297912598,9.780935287475586,0.001,2.3135488033294678,0.5313495993614197,10.11023998260498,transformer,embedding,2
94,95,2.27950382232666,1.8777679204940796,9.771830558776855,0.001,2.3145196437835693,0.5313495993614197,10.120060920715332,transformer,embedding,2
95,96,2.2784922122955322,1.9131975173950195,9.761950492858887,0.001,2.315620183944702,0.47821465134620667,10.131204605102539,transformer,embedding,2
96,97,2.2773897647857666,1.8777679204940796,9.75119400024414,0.001,2.3168656826019287,0.47821465134620667,10.143830299377441,transformer,embedding,2
97,98,2.2761712074279785,1.9486271142959595,9.73931884765625,0.001,2.3182804584503174,0.5047821402549744,10.158191680908203,transformer,embedding,2
98,99,2.274836540222168,2.0549159049987793,9.72632884979248,0.001,2.3198888301849365,0.5313495993614197,10.174543380737305,transformer,embedding,2
99,100,2.273369550704956,2.108060121536255,9.712071418762207,0.001,2.3217902183532715,0.5844845771789551,10.193907737731934,transformer,embedding,2
100,101,2.2717397212982178,2.1612045764923096,9.69625473022461,0.001,2.324023485183716,0.5844845771789551,10.21669864654541,transformer,embedding,2
101,102,2.2699313163757324,2.2497785091400146,9.678735733032227,0.001,2.3266189098358154,0.6110520362854004,10.243249893188477,transformer,embedding,2
102,103,2.26792311668396,2.19663405418396,9.659318923950195,0.001,NaN,NaN,NaN,transformer,embedding,2
103,104,2.265690803527832,2.2497785091400146,9.63778018951416,0.001,2.3329079151153564,0.5579171180725098,10.307872772216797,transformer,embedding,2
104,105,2.263235330581665,2.2320637702941895,9.614143371582031,0.001,NaN,NaN,NaN,transformer,embedding,2
105,106,2.260498523712158,2.356067180633545,9.587867736816406,0.001,2.341655731201172,0.5579171180725098,10.398439407348633,transformer,embedding,2
106,107,2.257500648498535,2.3383524417877197,9.559167861938477,0.001,NaN,NaN,NaN,transformer,embedding,2
107,108,2.2542214393615723,2.356067180633545,9.527872085571289,0.001,2.353820323944092,0.5313495993614197,10.525704383850098,transformer,embedding,2
108,109,2.2506372928619385,2.533215284347534,9.493783950805664,0.001,NaN,NaN,NaN,transformer,embedding,2
109,110,2.246767044067383,2.6572186946868896,9.457112312316895,0.001,2.3699824810028076,0.39851221442222595,10.69720458984375,transformer,embedding,2
110,111,2.2426187992095947,2.852081537246704,9.417963027954102,0.001,NaN,NaN,NaN,transformer,embedding,2
111,112,2.2382071018218994,2.940655469894409,9.376504898071289,0.001,2.3909642696380615,0.31880977749824524,10.924022674560547,transformer,embedding,2
112,113,2.2337353229522705,2.9937996864318848,9.33466911315918,0.001,NaN,NaN,NaN,transformer,embedding,2
113,114,2.2314817905426025,3.0646588802337646,9.3136568069458,0.001,2.4244658946990967,0.15940488874912262,11.296194076538086,transformer,embedding,2
114,115,2.2333924770355225,2.9760849475860596,9.331469535827637,0.001,NaN,NaN,NaN,transformer,embedding,2
115,116,2.2388546466827393,3.2240920066833496,9.38257884979248,0.001,2.3909571170806885,0.42507970333099365,10.923944473266602,transformer,embedding,2
116,117,2.2387218475341797,3.2949512004852295,9.381332397460938,0.001,NaN,NaN,NaN,transformer,embedding,2
117,118,2.224670886993408,3.5252435207366943,9.25043773651123,0.001,2.40122652053833,0.34537726640701294,11.036705017089844,transformer,embedding,2
118,119,2.222123622894287,3.6315321922302246,9.22690486907959,0.001,NaN,NaN,NaN,transformer,embedding,2
119,120,2.2202179431915283,3.755535840988159,9.209338188171387,0.001,2.4157843589782715,0.34537726640701294,11.1985502243042,transformer,embedding,2
120,121,2.2091050148010254,3.8795392513275146,9.107562065124512,0.001,NaN,NaN,NaN,transformer,embedding,2
121,122,2.2046287059783936,3.8795392513275146,9.06688404083252,0.001,2.430232286453247,0.47821465134620667,11.361520767211914,transformer,embedding,2
122,123,2.2003934383392334,3.8795392513275146,9.028565406799316,0.001,NaN,NaN,NaN,transformer,embedding,2
123,124,2.190533399581909,4.39326810836792,8.939980506896973,0.001,2.4513680934906006,0.45164719223976135,11.604211807250977,transformer,embedding,2
124,125,2.1849653720855713,4.641275405883789,8.890340805053711,0.001,NaN,NaN,NaN,transformer,embedding,2
125,126,2.180318832397461,4.818423271179199,8.849126815795898,0.001,2.4599876403808594,0.5047821402549744,11.704667091369629,transformer,embedding,2
126,127,2.1726975440979004,4.800708293914795,8.781941413879395,0.001,NaN,NaN,NaN,transformer,embedding,2
127,128,2.167337656021118,5.190433979034424,8.734997749328613,0.001,2.4668381214141846,0.42507970333099365,11.785124778747559,transformer,embedding,2
128,129,2.160287380218506,5.544729709625244,8.673629760742188,0.001,NaN,NaN,NaN,transformer,embedding,2
129,130,2.1541454792022705,5.438440799713135,8.62052059173584,0.001,2.4728291034698486,0.39851221442222595,11.855940818786621,transformer,embedding,2
130,131,2.146737813949585,5.5801591873168945,8.556899070739746,0.001,NaN,NaN,NaN,transformer,embedding,2
131,132,2.1406455039978027,5.881310939788818,8.504925727844238,0.001,2.473135471343994,0.31880977749824524,11.859574317932129,transformer,embedding,2
132,133,2.133561372756958,6.288751125335693,8.444889068603516,0.001,NaN,NaN,NaN,transformer,embedding,2
133,134,2.1261487007141113,6.501328468322754,8.38252067565918,0.001,2.4919445514678955,0.42507970333099365,12.084753036499023,transformer,embedding,2
134,135,2.1191587448120117,6.696191310882568,8.324131965637207,0.001,NaN,NaN,NaN,transformer,embedding,2
135,136,2.1112282276153564,6.908768653869629,8.258378028869629,0.001,2.4868264198303223,0.42507970333099365,12.023059844970703,transformer,embedding,2
136,137,2.104405164718628,7.404782772064209,8.20222282409668,0.001,NaN,NaN,NaN,transformer,embedding,2
137,138,2.0967442989349365,7.652790069580078,8.139626502990723,0.001,2.5048696994781494,0.45164719223976135,12.241963386535645,transformer,embedding,2
138,139,2.0889790058135986,8.042515754699707,8.076664924621582,0.001,NaN,NaN,NaN,transformer,embedding,2
139,140,2.0807056427001953,8.361381530761719,8.010119438171387,0.001,2.5004124641418457,0.34537726640701294,12.187520027160645,transformer,embedding,2
140,141,2.07251238822937,8.627103805541992,7.944758415222168,0.001,NaN,NaN,NaN,transformer,embedding,2
141,142,2.064260721206665,9.176261901855469,7.8794708251953125,0.001,2.512298345565796,0.42507970333099365,12.333243370056152,transformer,embedding,2
142,143,2.055445909500122,9.548272132873535,7.810319900512695,0.001,NaN,NaN,NaN,transformer,embedding,2
143,144,2.0469741821289062,10.044286727905273,7.74443244934082,0.001,2.5174100399017334,0.42507970333099365,12.396449089050293,transformer,embedding,2
144,145,2.03757381439209,10.168290138244629,7.671972751617432,0.001,NaN,NaN,NaN,transformer,embedding,2
145,146,2.0285613536834717,10.628874778747559,7.603140354156494,0.001,2.5206496715545654,0.5313495993614197,12.436674118041992,transformer,embedding,2
146,147,2.018920421600342,11.071744918823242,7.530190944671631,0.001,NaN,NaN,NaN,transformer,embedding,2
147,148,2.0090668201446533,11.284321784973145,7.456356048583984,0.001,2.527749538421631,0.5047821402549744,12.525286674499512,transformer,embedding,2
148,149,1.999125361442566,11.3374662399292,7.382596015930176,0.001,NaN,NaN,NaN,transformer,embedding,2
149,150,1.989439606666565,11.904339790344238,7.311435222625732,0.001,2.5323171615600586,0.6110520362854004,12.58262825012207,transformer,embedding,2
150,151,1.981218695640564,11.939769744873047,7.251574993133545,0.001,NaN,NaN,NaN,transformer,embedding,2
151,152,1.9794217348098755,12.240921020507812,7.238555908203125,0.001,2.528470516204834,0.42507970333099365,12.534320831298828,transformer,embedding,2
152,153,1.9813004732131958,11.532329559326172,7.25216817855835,0.001,NaN,NaN,NaN,transformer,embedding,2
153,154,1.95090651512146,13.906111717224121,7.035062313079834,0.001,NaN,NaN,NaN,transformer,embedding,2
154,155,1.9578642845153809,13.197519302368164,7.084181308746338,0.001,2.538766622543335,0.5313495993614197,12.664041519165039,transformer,embedding,2
155,156,1.9405677318572998,13.250663757324219,6.962702751159668,0.001,NaN,NaN,NaN,transformer,embedding,2
156,157,1.9309592247009277,14.313551902770996,6.896121978759766,0.001,NaN,NaN,NaN,transformer,embedding,2
157,158,1.9143147468566895,14.774136543273926,6.782289505004883,0.001,2.5690057277679443,0.7173219919204712,13.052840232849121,transformer,embedding,2
158,159,1.9095298051834106,14.720992088317871,6.749914169311523,0.001,NaN,NaN,NaN,transformer,embedding,2
159,160,1.8931834697723389,15.659875869750977,6.640474796295166,0.001,NaN,NaN,NaN,transformer,embedding,2
160,161,1.8850557804107666,15.766164779663086,6.586721897125244,0.001,2.5485105514526367,0.7704569697380066,12.788042068481445,transformer,embedding,2
161,162,1.8702069520950317,17.077058792114258,6.4896392822265625,0.001,NaN,NaN,NaN,transformer,embedding,2
162,163,1.86211097240448,17.09477424621582,6.43731164932251,0.001,NaN,NaN,NaN,transformer,embedding,2
163,164,1.8475123643875122,17.537643432617188,6.344018459320068,0.001,2.5491950511932373,0.9032943844795227,12.796798706054688,transformer,embedding,2
164,165,1.836105465888977,18.5119571685791,6.272063732147217,0.001,NaN,NaN,NaN,transformer,embedding,2
165,166,1.8248974084854126,19.220548629760742,6.2021589279174805,0.001,NaN,NaN,NaN,transformer,embedding,2
166,167,1.8104184865951538,19.574844360351562,6.1130051612854,0.001,2.5769543647766113,1.275239109992981,13.157005310058594,transformer,embedding,2
167,168,1.8014839887619019,19.840566635131836,6.058631896972656,0.001,NaN,NaN,NaN,transformer,embedding,2
168,169,1.7868154048919678,20.67316246032715,5.970408916473389,0.001,NaN,NaN,NaN,transformer,embedding,2
169,170,1.7782971858978271,21.0451717376709,5.919767379760742,0.001,2.569624662399292,1.1689691543579102,13.060921669006348,transformer,embedding,2
170,171,1.7676191329956055,21.541187286376953,5.856892108917236,0.001,NaN,NaN,NaN,transformer,embedding,2
171,172,1.7684555053710938,21.151460647583008,5.861793041229248,0.001,NaN,NaN,NaN,transformer,embedding,2
172,173,1.7508317232131958,21.75376319885254,5.759390830993652,0.001,2.5719974040985107,1.3283740282058716,13.091948509216309,transformer,embedding,2
173,174,1.7326278686523438,23.188661575317383,5.655496120452881,0.001,NaN,NaN,NaN,transformer,embedding,2
174,175,1.7363994121551514,22.249778747558594,5.67686653137207,0.001,NaN,NaN,NaN,transformer,embedding,2
175,176,1.704402208328247,24.357837677001953,5.498097896575928,0.001,2.5826363563537598,1.4612114429473877,13.231976509094238,transformer,embedding,2
176,177,1.6980876922607422,24.3046932220459,5.463489532470703,0.001,NaN,NaN,NaN,transformer,embedding,2
177,178,1.687423825263977,25.367582321166992,5.405537128448486,0.001,NaN,NaN,NaN,transformer,embedding,2
178,179,1.6651949882507324,26.501327514648438,5.286704063415527,0.001,2.580646276473999,1.3815090656280518,13.205670356750488,transformer,embedding,2
179,180,1.6614199876785278,26.76704978942871,5.266784191131592,0.001,NaN,NaN,NaN,transformer,embedding,2
180,181,1.6366889476776123,27.93622589111328,5.138128757476807,0.001,NaN,NaN,NaN,transformer,embedding,2
181,182,1.6365628242492676,27.422496795654297,5.137480735778809,0.001,2.5774002075195312,1.7800211906433105,13.162873268127441,transformer,embedding,2
182,183,1.609826922416687,29.6368465423584,5.001945495605469,0.001,NaN,NaN,NaN,transformer,embedding,2
183,184,1.6016026735305786,30.540300369262695,4.960977077484131,0.001,NaN,NaN,NaN,transformer,embedding,2
184,185,1.5840181112289429,30.82373809814453,4.874502658843994,0.001,2.5915913581848145,2.2848033905029297,13.351000785827637,transformer,embedding,2
185,186,1.5674668550491333,32.081485748291016,4.794487476348877,0.001,NaN,NaN,NaN,transformer,embedding,2
186,187,1.5582150220870972,32.32949447631836,4.7503342628479,0.001,NaN,NaN,NaN,transformer,embedding,2
187,188,1.5370380878448486,33.923824310302734,4.650794506072998,0.001,2.5848276615142822,2.311370849609375,13.261003494262695,transformer,embedding,2
188,189,1.5279009342193604,33.817535400390625,4.608493328094482,0.001,NaN,NaN,NaN,transformer,embedding,2
189,190,1.5141576528549194,34.75642013549805,4.545590400695801,0.001,NaN,NaN,NaN,transformer,embedding,2
190,191,1.5144368410110474,33.46324157714844,4.5468597412109375,0.001,2.5981991291046143,2.4973433017730713,13.439513206481934,transformer,embedding,2
191,192,1.4968092441558838,35.58901596069336,4.467411994934082,0.001,NaN,NaN,NaN,transformer,embedding,2
192,193,1.4691568613052368,36.811336517333984,4.345569610595703,0.001,NaN,NaN,NaN,transformer,embedding,2
193,194,1.4536699056625366,37.785648345947266,4.2787885665893555,0.001,2.5867741107940674,2.736450672149658,13.286840438842773,transformer,embedding,2
194,195,1.444762945175171,38.01594161987305,4.240846633911133,0.001,NaN,NaN,NaN,transformer,embedding,2
195,196,1.4210213422775269,39.16740417480469,4.141347885131836,0.001,NaN,NaN,NaN,transformer,embedding,2
196,197,1.4029064178466797,40.79716491699219,4.06700325012207,0.001,2.588122844696045,3.400637626647949,13.304773330688477,transformer,embedding,2
197,198,1.3903707265853882,40.779449462890625,4.01633882522583,0.001,NaN,NaN,NaN,transformer,embedding,2
198,199,1.369674801826477,42.79893493652344,3.9340710639953613,0.001,NaN,NaN,NaN,transformer,embedding,2
199,200,1.352581262588501,43.188663482666016,3.8673954010009766,0.001,2.594520330429077,3.2412326335906982,13.39016342163086,transformer,embedding,2
200,201,1.3499376773834229,42.33835220336914,3.857185125350952,0.001,NaN,NaN,NaN,transformer,embedding,2
202,203,1.3214601278305054,44.09211730957031,3.7488913536071777,0.001,2.586709499359131,4.117959499359131,13.285982131958008,transformer,embedding,2
204,205,1.2847528457641602,46.04074478149414,3.6137747764587402,0.001,NaN,NaN,NaN,transformer,embedding,2
206,207,1.2617026567459106,47.22763442993164,3.5314292907714844,0.001,2.5832607746124268,4.649309158325195,13.240241050720215,transformer,embedding,2
208,209,1.2367945909500122,47.67050552368164,3.444554567337036,0.001,NaN,NaN,NaN,transformer,embedding,2
210,211,1.1910603046417236,49.76084899902344,3.2905683517456055,0.001,2.5752947330474854,5.047821521759033,13.135188102722168,transformer,embedding,2
212,213,1.1573541164398193,51.78033447265625,3.181504249572754,0.001,NaN,NaN,NaN,transformer,embedding,2
214,215,1.1190942525863647,53.923824310302734,3.062079429626465,0.001,2.5553979873657227,5.844845771789551,12.876422882080078,transformer,embedding,2
216,217,1.0841562747955322,55.02214050292969,2.956943988800049,0.001,NaN,NaN,NaN,transformer,embedding,2
218,219,1.0467449426651,57.519927978515625,2.8483643531799316,0.001,2.547837495803833,6.615302562713623,12.779438018798828,transformer,embedding,2
220,221,1.018734335899353,58.68910598754883,2.7696869373321533,0.001,NaN,NaN,NaN,transformer,embedding,2
222,223,1.0063683986663818,58.069087982177734,2.7356481552124023,0.001,2.561575174331665,7.624866962432861,12.956209182739258,transformer,embedding,2
224,225,0.983487606048584,58.35252380371094,2.673764944076538,0.001,NaN,NaN,NaN,transformer,embedding,2
226,227,0.9281764626502991,62.72807693481445,2.5298917293548584,0.001,2.517141103744507,8.953241348266602,12.393115043640137,transformer,embedding,2
228,229,0.8851832151412964,64.46412658691406,2.4234282970428467,0.001,NaN,NaN,NaN,transformer,embedding,2
230,231,0.8582196235656738,66.18246459960938,2.358957052230835,0.001,2.497044563293457,10.41445255279541,12.1465425491333,transformer,embedding,2
232,233,0.8170101642608643,67.74136352539062,2.263721466064453,0.001,NaN,NaN,NaN,transformer,embedding,2
234,235,0.7815173864364624,69.86713409423828,2.1847848892211914,0.001,2.4780635833740234,11.875663757324219,11.918163299560547,transformer,embedding,2
236,237,0.7598602771759033,69.93799591064453,2.137977361679077,0.001,NaN,NaN,NaN,transformer,embedding,2
238,239,0.7466544508934021,70.27457427978516,2.109929323196411,0.001,2.4621057510375977,12.885228157043457,11.729484558105469,transformer,embedding,2
240,241,0.7055198550224304,73.3392333984375,2.0248990058898926,0.001,NaN,NaN,NaN,transformer,embedding,2
242,243,0.6747029423713684,74.61470031738281,1.9634495973587036,0.001,2.4253201484680176,14.558979988098145,11.305848121643066,transformer,embedding,2
244,245,0.6348370909690857,76.24446105957031,1.8867146968841553,0.001,NaN,NaN,NaN,transformer,embedding,2
246,247,0.6060885787010193,78.24623107910156,1.8332467079162598,0.001,2.398585081100464,16.684377670288086,11.007590293884277,transformer,embedding,2
248,249,0.5747928619384766,79.96456909179688,1.7767624855041504,0.001,NaN,NaN,NaN,transformer,embedding,2
250,251,0.5500475168228149,80.85031127929688,1.7333353757858276,0.001,2.3784587383270264,18.065887451171875,10.788262367248535,transformer,embedding,2
252,253,0.525593101978302,82.30291748046875,1.6914618015289307,0.001,NaN,NaN,NaN,transformer,embedding,2
254,255,0.5118124485015869,82.92293548583984,1.6683121919631958,0.001,2.3489933013916016,20.510095596313477,10.475019454956055,transformer,embedding,2
256,257,0.47577860951423645,84.37554931640625,1.609266757965088,0.001,NaN,NaN,NaN,transformer,embedding,2
258,259,0.44897711277008057,85.79273223876953,1.5667088031768799,0.001,NaN,NaN,NaN,transformer,embedding,2
259,260,NaN,NaN,NaN,NaN,2.3064935207366943,22.5557918548584,10.03916072845459,transformer,embedding,2
260,261,0.41989666223526,87.59964752197266,1.5218043327331543,0.001,NaN,NaN,NaN,transformer,embedding,2
262,263,0.4016179144382477,88.36138153076172,1.4942402839660645,0.001,NaN,NaN,NaN,transformer,embedding,2
264,265,0.36974596977233887,90.221435546875,1.4473668336868286,0.001,2.2788920402526855,25.185972213745117,9.765853881835938,transformer,embedding,2
266,267,0.34829607605934143,91.12488555908203,1.4166516065597534,0.001,NaN,NaN,NaN,transformer,embedding,2
268,269,0.32728147506713867,92.22320556640625,1.387191891670227,0.001,NaN,NaN,NaN,transformer,embedding,2
269,270,NaN,NaN,NaN,NaN,2.2465546131134033,28.29436683654785,9.455102920532227,transformer,embedding,2
270,271,0.3055051267147064,93.0380859375,1.35731041431427,0.001,NaN,NaN,NaN,transformer,embedding,2
272,273,0.2817331850528717,94.26040649414062,1.3254250288009644,0.001,NaN,NaN,NaN,transformer,embedding,2
274,275,0.2648172676563263,94.95127868652344,1.3031928539276123,0.001,2.2148568630218506,30.97768211364746,9.1600980758667,transformer,embedding,2
276,277,0.2456943243741989,95.69530487060547,1.2785086631774902,0.001,NaN,NaN,NaN,transformer,embedding,2
278,279,0.22923852503299713,96.40389251708984,1.2576420307159424,0.001,NaN,NaN,NaN,transformer,embedding,2
279,280,NaN,NaN,NaN,NaN,2.194993734359741,32.6248664855957,8.979945182800293,transformer,embedding,2
280,281,0.21876011788845062,96.65190124511719,1.2445327043533325,0.001,NaN,NaN,NaN,transformer,embedding,2
282,283,0.2206995189189911,96.61647033691406,1.2469487190246582,0.001,NaN,NaN,NaN,transformer,embedding,2
284,285,0.2026214748620987,97.183349609375,1.2246087789535522,0.001,2.1787898540496826,34.35175323486328,8.835607528686523,transformer,embedding,2
286,287,0.19039227068424225,97.2187728881836,1.2097240686416626,0.001,NaN,NaN,NaN,transformer,embedding,2
288,289,0.1662914752960205,98.0513687133789,1.1809172630310059,0.001,NaN,NaN,NaN,transformer,embedding,2
289,290,NaN,NaN,NaN,NaN,2.16691517829895,35.94580078125,8.731307983398438,transformer,embedding,2
290,291,0.1557057797908783,98.33480834960938,1.1684823036193848,0.001,NaN,NaN,NaN,transformer,embedding,2
292,293,0.1461220383644104,98.45880889892578,1.1573374271392822,0.001,NaN,NaN,NaN,transformer,embedding,2
294,295,0.13434407114982605,98.83081817626953,1.1437863111495972,0.001,2.161466598510742,38.6025505065918,8.683863639831543,transformer,embedding,2
296,297,0.12377046048641205,98.90167999267578,1.131756067276001,0.001,NaN,NaN,NaN,transformer,embedding,2
298,299,0.11334137618541718,99.20283508300781,1.1200141906738281,0.001,NaN,NaN,NaN,transformer,embedding,2
299,300,NaN,NaN,NaN,NaN,2.151238441467285,40.01062774658203,8.595497131347656,transformer,embedding,2
300,301,0.10591685026884079,99.13197326660156,1.111729383468628,0.001,NaN,NaN,NaN,transformer,embedding,2
303,304,0.09422552585601807,99.45083618164062,1.0988075733184814,0.001,NaN,NaN,NaN,transformer,embedding,2
304,305,NaN,NaN,NaN,NaN,2.144549608230591,40.48884201049805,8.53819465637207,transformer,embedding,2
306,307,0.08533862978219986,99.53941345214844,1.0890858173370361,0.001,NaN,NaN,NaN,transformer,embedding,2
309,310,0.0765102207660675,99.52169799804688,1.0795131921768188,0.001,NaN,NaN,NaN,transformer,embedding,2
310,311,NaN,NaN,NaN,NaN,2.143261671066284,41.81721496582031,8.527205467224121,transformer,embedding,2
312,313,0.06892343610525131,99.66341400146484,1.0713541507720947,0.001,NaN,NaN,NaN,transformer,embedding,2
315,316,0.062496114522218704,99.71656036376953,1.0644903182983398,0.001,NaN,NaN,NaN,transformer,embedding,2
316,317,NaN,NaN,NaN,NaN,2.1468827724456787,42.53453826904297,8.558138847351074,transformer,embedding,2
318,319,0.05673954263329506,99.75199127197266,1.058380126953125,0.001,NaN,NaN,NaN,transformer,embedding,2
321,322,0.0516146756708622,99.69884490966797,1.0529699325561523,0.001,NaN,NaN,NaN,transformer,embedding,2
322,323,NaN,NaN,NaN,NaN,2.149010419845581,43.22529220581055,8.576367378234863,transformer,embedding,2
324,325,0.04718642681837082,99.76970672607422,1.0483174324035645,0.001,NaN,NaN,NaN,transformer,embedding,2
327,328,0.04321630671620369,99.80513763427734,1.044163703918457,0.001,NaN,NaN,NaN,transformer,embedding,2
328,329,NaN,NaN,NaN,NaN,2.1539769172668457,43.9426155090332,8.619067192077637,transformer,embedding,2
330,331,0.03963269665837288,99.84056091308594,1.0404285192489624,0.001,NaN,NaN,NaN,transformer,embedding,2
333,334,0.036492329090833664,99.8582763671875,1.0371663570404053,0.001,NaN,NaN,NaN,transformer,embedding,2
334,335,NaN,NaN,NaN,NaN,2.1577391624450684,44.659934997558594,8.651556015014648,transformer,embedding,2
336,337,0.033655524253845215,99.87599182128906,1.0342283248901367,0.001,NaN,NaN,NaN,transformer,embedding,2
339,340,0.031101074069738388,99.89370727539062,1.0315897464752197,0.001,NaN,NaN,NaN,transformer,embedding,2
340,341,NaN,NaN,NaN,NaN,2.163607597351074,44.92560958862305,8.702476501464844,transformer,embedding,2
342,343,0.028795432299375534,99.89370727539062,1.0292140245437622,0.001,NaN,NaN,NaN,transformer,embedding,2
345,346,0.026700520887970924,99.89370727539062,1.0270601511001587,0.001,NaN,NaN,NaN,transformer,embedding,2
346,347,NaN,NaN,NaN,NaN,2.1683995723724365,45.37725830078125,8.744277954101562,transformer,embedding,2
348,349,0.024784822016954422,99.98228454589844,1.0250945091247559,0.001,NaN,NaN,NaN,transformer,embedding,2
351,352,0.023041700944304466,100.0,1.0233092308044434,0.001,NaN,NaN,NaN,transformer,embedding,2
352,353,NaN,NaN,NaN,NaN,2.1743836402893066,45.696067810058594,8.796761512756348,transformer,embedding,2
354,355,0.021443694829940796,100.0,1.0216752290725708,0.001,NaN,NaN,NaN,transformer,embedding,2
357,358,0.019993634894490242,100.0,1.0201948881149292,0.001,NaN,NaN,NaN,transformer,embedding,2
359,360,NaN,NaN,NaN,NaN,2.1809942722320557,46.33368682861328,8.855106353759766,transformer,embedding,2
360,361,0.01866786740720272,100.0,1.018843173980713,0.001,NaN,NaN,NaN,transformer,embedding,2
363,364,0.017458926886320114,100.0,1.0176122188568115,0.001,NaN,NaN,NaN,transformer,embedding,2
366,367,0.016345443204045296,100.0,1.016479730606079,0.001,2.187659740447998,46.46652603149414,8.914326667785645,transformer,embedding,2
369,370,0.015327345579862595,100.0,1.0154454708099365,0.001,NaN,NaN,NaN,transformer,embedding,2
372,373,0.014394132420420647,100.0,1.014498233795166,0.001,NaN,NaN,NaN,transformer,embedding,2
373,374,NaN,NaN,NaN,NaN,2.193814516067505,46.652496337890625,8.969361305236816,transformer,embedding,2
375,376,0.013537324965000153,100.0,1.0136293172836304,0.001,NaN,NaN,NaN,transformer,embedding,2
378,379,0.01274800579994917,100.0,1.0128296613693237,0.001,NaN,NaN,NaN,transformer,embedding,2
380,381,NaN,NaN,NaN,NaN,2.200225591659546,46.86503601074219,9.027050018310547,transformer,embedding,2
381,382,0.012020062655210495,100.0,1.0120925903320312,0.001,NaN,NaN,NaN,transformer,embedding,2
384,385,0.011347929015755653,100.0,1.0114126205444336,0.001,NaN,NaN,NaN,transformer,embedding,2
387,388,0.010725034400820732,100.0,1.0107827186584473,0.001,2.2067253589630127,47.13071060180664,9.085914611816406,transformer,embedding,2
390,391,0.010146518237888813,100.0,1.0101981163024902,0.001,NaN,NaN,NaN,transformer,embedding,2
393,394,0.009608713909983635,100.0,1.0096549987792969,0.001,NaN,NaN,NaN,transformer,embedding,2
394,395,NaN,NaN,NaN,NaN,2.213423252105713,47.449520111083984,9.14697551727295,transformer,embedding,2
396,397,0.009107663296163082,100.0,1.0091493129730225,0.001,NaN,NaN,NaN,transformer,embedding,2
399,400,0.008640984073281288,100.0,1.0086784362792969,0.001,NaN,NaN,NaN,transformer,embedding,2
401,402,NaN,NaN,NaN,NaN,2.2196786403656006,47.582359313964844,9.20437240600586,transformer,embedding,2
402,403,0.008204516023397446,100.0,1.0082383155822754,0.001,NaN,NaN,NaN,transformer,embedding,2
406,407,0.007666314486414194,100.0,1.0076957941055298,0.001,NaN,NaN,NaN,transformer,embedding,2
409,410,NaN,NaN,NaN,NaN,2.2277297973632812,47.688629150390625,9.278777122497559,transformer,embedding,2
410,411,0.0071722837164998055,100.0,1.0071980953216553,0.001,NaN,NaN,NaN,transformer,embedding,2
414,415,0.0067181941121816635,100.0,1.0067408084869385,0.001,NaN,NaN,NaN,transformer,embedding,2
417,418,NaN,NaN,NaN,NaN,2.2351937294006348,48.03400421142578,9.348292350769043,transformer,embedding,2
418,419,0.006301152985543013,100.0,1.0063210725784302,0.001,NaN,NaN,NaN,transformer,embedding,2
422,423,0.005914805456995964,100.0,1.005932331085205,0.001,NaN,NaN,NaN,transformer,embedding,2
425,426,NaN,NaN,NaN,NaN,2.243147611618042,48.246543884277344,9.422944068908691,transformer,embedding,2
426,427,0.0055576893500983715,100.0,1.0055731534957886,0.001,NaN,NaN,NaN,transformer,embedding,2
430,431,0.0052269212901592255,100.0,1.005240559577942,0.001,NaN,NaN,NaN,transformer,embedding,2
433,434,NaN,NaN,NaN,NaN,2.2508738040924072,48.432518005371094,9.4960298538208,transformer,embedding,2
434,435,0.004919700790196657,100.0,1.0049318075180054,0.001,NaN,NaN,NaN,transformer,embedding,2
438,439,0.004633908625692129,100.0,1.0046446323394775,0.001,NaN,NaN,NaN,transformer,embedding,2
441,442,NaN,NaN,NaN,NaN,2.2587645053863525,48.51222229003906,9.571256637573242,transformer,embedding,2
442,443,0.004368440248072147,100.0,1.0043779611587524,0.001,NaN,NaN,NaN,transformer,embedding,2
446,447,0.00412048539146781,100.0,1.0041289329528809,0.001,NaN,NaN,NaN,transformer,embedding,2
449,450,NaN,NaN,NaN,NaN,2.26702880859375,48.618492126464844,9.650684356689453,transformer,embedding,2
450,451,0.0038900161162018776,100.0,1.0038975477218628,0.001,NaN,NaN,NaN,transformer,embedding,2
454,455,0.0036737294867634773,100.0,1.0036804676055908,0.001,NaN,NaN,NaN,transformer,embedding,2
457,458,NaN,NaN,NaN,NaN,2.2746622562408447,48.831031799316406,9.724634170532227,transformer,embedding,2
458,459,0.0034710478503257036,100.0,1.0034770965576172,0.001,NaN,NaN,NaN,transformer,embedding,2
462,463,0.003281754208728671,100.0,1.0032871961593628,0.001,NaN,NaN,NaN,transformer,embedding,2
466,467,0.0031045975629240274,100.0,1.0031094551086426,0.001,2.283430337905884,48.80446243286133,9.810275077819824,transformer,embedding,2
470,471,0.0029375357553362846,100.0,1.0029418468475342,0.001,NaN,NaN,NaN,transformer,embedding,2
474,475,0.002781845163553953,100.0,1.0027856826782227,0.001,NaN,NaN,NaN,transformer,embedding,2
475,476,NaN,NaN,NaN,NaN,2.2920806407928467,49.04357147216797,9.89550495147705,transformer,embedding,2
478,479,0.0026345455553382635,100.0,1.0026379823684692,0.001,NaN,NaN,NaN,transformer,embedding,2
482,483,0.0024969789665192366,100.0,1.002500057220459,0.001,NaN,NaN,NaN,transformer,embedding,2
484,485,NaN,NaN,NaN,NaN,2.3008999824523926,49.17640686035156,9.983162879943848,transformer,embedding,2
486,487,0.0023665681947022676,100.0,1.0023694038391113,0.001,NaN,NaN,NaN,transformer,embedding,2
490,491,0.0022447428200393915,100.0,1.0022472143173218,0.001,NaN,NaN,NaN,transformer,embedding,2
493,494,NaN,NaN,NaN,NaN,2.309612512588501,49.335811614990234,10.070521354675293,transformer,embedding,2
494,495,0.0021294893231242895,100.0,1.002131700515747,0.001,NaN,NaN,NaN,transformer,embedding,2
498,499,0.002020358107984066,100.0,1.002022385597229,0.001,NaN,NaN,NaN,transformer,embedding,2
502,503,0.0019178456859663129,100.0,1.0019196271896362,0.001,2.318347454071045,49.495216369628906,10.158872604370117,transformer,embedding,2
507,508,0.0017976093804463744,100.0,1.00179922580719,0.001,NaN,NaN,NaN,transformer,embedding,2
512,513,0.0016858064336702228,100.0,1.0016871690750122,0.001,2.3279786109924316,49.628055572509766,10.257186889648438,transformer,embedding,2
517,518,0.0015816373052075505,100.0,1.0015828609466553,0.001,NaN,NaN,NaN,transformer,embedding,2
522,523,0.001484479638747871,100.0,1.0014855861663818,0.001,2.3376755714416504,49.70775604248047,10.357133865356445,transformer,embedding,2
527,528,0.0013937416952103376,100.0,1.0013947486877441,0.001,NaN,NaN,NaN,transformer,embedding,2
532,533,0.001308834063820541,100.0,1.0013096332550049,0.001,2.347583770751953,49.78746032714844,10.460265159606934,transformer,embedding,2
537,538,0.0012300435919314623,100.0,1.0012308359146118,0.001,NaN,NaN,NaN,transformer,embedding,2
542,543,0.0011560015846043825,100.0,1.0011566877365112,0.001,2.357454538345337,49.94686508178711,10.564026832580566,transformer,embedding,2
547,548,0.0010866249212995172,100.0,1.0010871887207031,0.001,NaN,NaN,NaN,transformer,embedding,2
552,553,0.001021699863485992,100.0,1.001022219657898,0.001,2.3673553466796875,50.0797004699707,10.66913890838623,transformer,embedding,2
557,558,0.0009612894500605762,100.0,1.0009617805480957,0.001,NaN,NaN,NaN,transformer,embedding,2
562,563,0.000904334825463593,100.0,1.0009047985076904,0.001,NaN,NaN,NaN,transformer,embedding,2
563,564,NaN,NaN,NaN,NaN,2.3784964084625244,50.15940475463867,10.788668632507324,transformer,embedding,2
567,568,0.0008509063045494258,100.0,1.0008512735366821,0.001,NaN,NaN,NaN,transformer,embedding,2
572,573,0.0008009297889657319,100.0,1.0008012056350708,0.001,NaN,NaN,NaN,transformer,embedding,2
574,575,NaN,NaN,NaN,NaN,2.389216184616089,50.26567459106445,10.904943466186523,transformer,embedding,2
577,578,0.0007541808299720287,100.0,1.000754475593567,0.001,NaN,NaN,NaN,transformer,embedding,2
582,583,0.0007102334639057517,100.0,1.0007104873657227,0.001,NaN,NaN,NaN,transformer,embedding,2
585,586,NaN,NaN,NaN,NaN,2.4004809856414795,50.292240142822266,11.02847957611084,transformer,embedding,2
587,588,0.0006687132408842444,100.0,1.0006688833236694,0.001,NaN,NaN,NaN,transformer,embedding,2
592,593,0.0006299521774053574,100.0,1.0006301403045654,0.001,NaN,NaN,NaN,transformer,embedding,2
596,597,NaN,NaN,NaN,NaN,2.4117109775543213,50.531349182128906,11.153027534484863,transformer,embedding,2
597,598,0.0005935814115218818,100.0,1.0005937814712524,0.001,NaN,NaN,NaN,transformer,embedding,2
602,603,0.0005593867390416563,100.0,1.0005595684051514,0.001,NaN,NaN,NaN,transformer,embedding,2
607,608,NaN,NaN,NaN,NaN,2.4223296642303467,50.6641845703125,11.272089004516602,transformer,embedding,2
608,609,0.0005210392409935594,100.0,1.000521183013916,0.001,NaN,NaN,NaN,transformer,embedding,2
614,615,0.0004854039289057255,100.0,1.0004855394363403,0.001,NaN,NaN,NaN,transformer,embedding,2
619,620,NaN,NaN,NaN,NaN,2.4345197677612305,50.69075393676758,11.410337448120117,transformer,embedding,2
620,621,0.0004522870003711432,100.0,1.0004523992538452,0.001,NaN,NaN,NaN,transformer,embedding,2
626,627,0.0004215484077576548,100.0,1.0004216432571411,0.001,NaN,NaN,NaN,transformer,embedding,2
631,632,NaN,NaN,NaN,NaN,2.4466357231140137,50.77045822143555,11.549426078796387,transformer,embedding,2
632,633,0.0003929797385353595,100.0,1.000393033027649,0.001,NaN,NaN,NaN,transformer,embedding,2
638,639,0.00036635695141740143,100.0,1.000366449356079,0.001,NaN,NaN,NaN,transformer,embedding,2
643,644,NaN,NaN,NaN,NaN,2.4588842391967773,50.92986297607422,11.69175910949707,transformer,embedding,2
644,645,0.0003416613908484578,100.0,1.000341773033142,0.001,NaN,NaN,NaN,transformer,embedding,2
650,651,0.00031865184428170323,100.0,1.0003186464309692,0.001,NaN,NaN,NaN,transformer,embedding,2
655,656,NaN,NaN,NaN,NaN,2.4707703590393066,50.92986297607422,11.831558227539062,transformer,embedding,2
656,657,0.0002971924841403961,100.0,1.00029718875885,0.001,NaN,NaN,NaN,transformer,embedding,2
662,663,0.0002772225998342037,100.0,1.0002772808074951,0.001,NaN,NaN,NaN,transformer,embedding,2
668,669,0.0002586502523627132,100.0,1.0002586841583252,0.001,2.484431266784668,51.06269836425781,11.99429702758789,transformer,embedding,2
674,675,0.00024134977138601243,100.0,1.0002413988113403,0.001,NaN,NaN,NaN,transformer,embedding,2
680,681,0.00022522429935634136,100.0,1.000225305557251,0.001,NaN,NaN,NaN,transformer,embedding,2
681,682,NaN,NaN,NaN,NaN,2.496901512145996,51.19553756713867,12.144804954528809,transformer,embedding,2
686,687,0.0002102426951751113,100.0,1.0002102851867676,0.001,NaN,NaN,NaN,transformer,embedding,2
692,693,0.00019626980065368116,100.0,1.0001963376998901,0.001,NaN,NaN,NaN,transformer,embedding,2
694,695,NaN,NaN,NaN,NaN,2.5102109909057617,51.222103118896484,12.307526588439941,transformer,embedding,2
698,699,0.0001832966663641855,100.0,1.000183343887329,0.001,NaN,NaN,NaN,transformer,embedding,2
704,705,0.00017119479889515787,100.0,1.000171184539795,0.001,NaN,NaN,NaN,transformer,embedding,2
707,708,NaN,NaN,NaN,NaN,2.5232057571411133,51.30180740356445,12.468503952026367,transformer,embedding,2
711,712,0.0001580504613230005,100.0,1.0001580715179443,0.001,NaN,NaN,NaN,transformer,embedding,2
718,719,0.0001459294289816171,100.0,1.0001459121704102,0.001,NaN,NaN,NaN,transformer,embedding,2
721,722,NaN,NaN,NaN,NaN,2.537426710128784,51.381507873535156,12.64708423614502,transformer,embedding,2
725,726,0.00013475431478582323,100.0,1.0001347064971924,0.001,NaN,NaN,NaN,transformer,embedding,2
732,733,0.00012447133485693485,100.0,1.000124454498291,0.001,NaN,NaN,NaN,transformer,embedding,2
735,736,NaN,NaN,NaN,NaN,2.5517890453338623,51.461212158203125,12.830037117004395,transformer,embedding,2
739,740,0.000114987044071313,100.0,1.0001150369644165,0.001,NaN,NaN,NaN,transformer,embedding,2
746,747,0.00010625962022459134,100.0,1.0001062154769897,0.001,NaN,NaN,NaN,transformer,embedding,2
749,750,NaN,NaN,NaN,NaN,2.5660886764526367,51.514347076416016,13.014819145202637,transformer,embedding,2
753,754,9.816725651035085e-05,100.0,1.0000982284545898,0.001,NaN,NaN,NaN,transformer,embedding,2
760,761,9.069495717994869e-05,100.0,1.0000907182693481,0.001,NaN,NaN,NaN,transformer,embedding,2
763,764,NaN,NaN,NaN,NaN,2.580512285232544,51.54091262817383,13.203900337219238,transformer,embedding,2
767,768,8.382387750316411e-05,100.0,1.0000838041305542,0.001,NaN,NaN,NaN,transformer,embedding,2
774,775,7.748610369162634e-05,100.0,1.000077486038208,0.001,NaN,NaN,NaN,transformer,embedding,2
778,779,NaN,NaN,NaN,NaN,2.596078872680664,51.54091262817383,13.41104793548584,transformer,embedding,2
781,782,7.163699046941474e-05,100.0,1.00007164478302,0.001,NaN,NaN,NaN,transformer,embedding,2
788,789,6.62332313368097e-05,100.0,1.0000662803649902,0.001,NaN,NaN,NaN,transformer,embedding,2
793,794,NaN,NaN,NaN,NaN,2.611382007598877,51.6206169128418,13.617857933044434,transformer,embedding,2
795,796,6.124093488324434e-05,100.0,1.000061273574829,0.001,NaN,NaN,NaN,transformer,embedding,2
802,803,5.661641989718191e-05,100.0,1.0000566244125366,0.001,NaN,NaN,NaN,transformer,embedding,2
808,809,NaN,NaN,NaN,NaN,2.627254009246826,51.7003173828125,13.835724830627441,transformer,embedding,2
810,811,5.1781174988718703e-05,100.0,1.000051736831665,0.001,NaN,NaN,NaN,transformer,embedding,2
818,819,4.7349669330287725e-05,100.0,1.0000473260879517,0.001,NaN,NaN,NaN,transformer,embedding,2
824,825,NaN,NaN,NaN,NaN,2.643874406814575,51.75345230102539,14.067602157592773,transformer,embedding,2
826,827,4.3319127144059166e-05,100.0,1.000043272972107,0.001,NaN,NaN,NaN,transformer,embedding,2
834,835,3.962379923905246e-05,100.0,1.0000395774841309,0.001,NaN,NaN,NaN,transformer,embedding,2
840,841,NaN,NaN,NaN,NaN,2.660867929458618,51.7003173828125,14.30870246887207,transformer,embedding,2
842,843,3.624510281952098e-05,100.0,1.0000362396240234,0.001,NaN,NaN,NaN,transformer,embedding,2
850,851,3.317494338261895e-05,100.0,1.0000331401824951,0.001,NaN,NaN,NaN,transformer,embedding,2
856,857,NaN,NaN,NaN,NaN,2.677948474884033,51.67375183105469,14.55520248413086,transformer,embedding,2
858,859,3.0356779461726546e-05,100.0,1.0000303983688354,0.001,NaN,NaN,NaN,transformer,embedding,2
866,867,2.7767695428337902e-05,100.0,1.0000277757644653,0.001,NaN,NaN,NaN,transformer,embedding,2
873,874,NaN,NaN,NaN,NaN,2.695577621459961,51.75345230102539,14.81407356262207,transformer,embedding,2
874,875,2.5420084057259373e-05,100.0,1.0000253915786743,0.001,NaN,NaN,NaN,transformer,embedding,2
882,883,2.3288625015993603e-05,100.0,1.0000232458114624,0.001,NaN,NaN,NaN,transformer,embedding,2
890,891,2.1325768102542497e-05,100.0,1.0000213384628296,0.001,2.7136197090148926,51.88629150390625,15.083775520324707,transformer,embedding,2
898,899,1.9528259144863114e-05,100.0,1.0000195503234863,0.001,NaN,NaN,NaN,transformer,embedding,2
906,907,1.7894879420055076e-05,100.0,1.0000178813934326,0.001,NaN,NaN,NaN,transformer,embedding,2
907,908,NaN,NaN,NaN,NaN,2.7325479984283447,51.88629150390625,15.372005462646484,transformer,embedding,2
915,916,1.6198040611925535e-05,100.0,1.000016212463379,0.001,NaN,NaN,NaN,transformer,embedding,2
924,925,1.4644615475845058e-05,100.0,1.0000146627426147,0.001,NaN,NaN,NaN,transformer,embedding,2
925,926,NaN,NaN,NaN,NaN,2.7514946460723877,51.88629150390625,15.666029930114746,transformer,embedding,2
933,934,1.3261372259876225e-05,100.0,1.0000132322311401,0.001,NaN,NaN,NaN,transformer,embedding,2
942,943,1.2033083294227254e-05,100.0,1.0000120401382446,0.001,NaN,NaN,NaN,transformer,embedding,2
943,944,NaN,NaN,NaN,NaN,2.770698308944702,51.91285705566406,15.969781875610352,transformer,embedding,2
951,952,1.0927091352641582e-05,100.0,1.0000109672546387,0.001,NaN,NaN,NaN,transformer,embedding,2
960,961,9.924080586642958e-06,100.0,1.0000098943710327,0.001,NaN,NaN,NaN,transformer,embedding,2
961,962,NaN,NaN,NaN,NaN,2.7902235984802246,51.93942642211914,16.28466033935547,transformer,embedding,2
969,970,9.012635018734727e-06,100.0,1.0000090599060059,0.001,NaN,NaN,NaN,transformer,embedding,2
978,979,8.17087584437104e-06,100.0,1.000008225440979,0.001,NaN,NaN,NaN,transformer,embedding,2
980,981,NaN,NaN,NaN,NaN,2.8108346462249756,51.99256134033203,16.62378692626953,transformer,embedding,2
987,988,7.399512014671927e-06,100.0,1.0000073909759521,0.001,NaN,NaN,NaN,transformer,embedding,2
996,997,6.711436981277075e-06,100.0,1.0000066757202148,0.001,NaN,NaN,NaN,transformer,embedding,2
999,1000,NaN,NaN,NaN,NaN,2.8315374851226807,52.019126892089844,16.971534729003906,transformer,embedding,2
1005,1006,6.09546668783878e-06,100.0,1.000006079673767,0.001,NaN,NaN,NaN,transformer,embedding,2
1015,1016,5.4777756304247305e-06,100.0,1.0000054836273193,0.001,NaN,NaN,NaN,transformer,embedding,2
1018,1019,NaN,NaN,NaN,NaN,2.851203680038452,52.072261810302734,17.308603286743164,transformer,embedding,2
1025,1026,4.914873898087535e-06,100.0,1.0000048875808716,0.001,NaN,NaN,NaN,transformer,embedding,2
1035,1036,4.397617885842919e-06,100.0,1.0000044107437134,0.001,NaN,NaN,NaN,transformer,embedding,2
1038,1039,NaN,NaN,NaN,NaN,2.872899055480957,52.125396728515625,17.688222885131836,transformer,embedding,2
1045,1046,3.949912752432283e-06,100.0,1.0000039339065552,0.001,NaN,NaN,NaN,transformer,embedding,2
1055,1056,3.5561529330152553e-06,100.0,1.0000035762786865,0.001,NaN,NaN,NaN,transformer,embedding,2
1058,1059,NaN,NaN,NaN,NaN,2.893828868865967,52.1519660949707,18.062335968017578,transformer,embedding,2
1065,1066,3.2043640203482937e-06,100.0,1.0000032186508179,0.001,NaN,NaN,NaN,transformer,embedding,2
1075,1076,2.882045237129205e-06,100.0,1.0000028610229492,0.001,NaN,NaN,NaN,transformer,embedding,2
1079,1080,NaN,NaN,NaN,NaN,2.9165713787078857,52.258235931396484,18.477825164794922,transformer,embedding,2
1085,1086,2.5867357180686668e-06,100.0,1.0000026226043701,0.001,NaN,NaN,NaN,transformer,embedding,2
1095,1096,2.307591785211116e-06,100.0,1.0000022649765015,0.001,NaN,NaN,NaN,transformer,embedding,2
1100,1101,NaN,NaN,NaN,NaN,2.9385287761688232,52.364505767822266,18.888036727905273,transformer,embedding,2
1105,1106,2.0695849798357813e-06,100.0,1.0000020265579224,0.001,NaN,NaN,NaN,transformer,embedding,2
1116,1117,1.83870542969089e-06,100.0,1.0000017881393433,0.001,NaN,NaN,NaN,transformer,embedding,2
1121,1122,NaN,NaN,NaN,NaN,2.9598259925842285,52.33793640136719,19.294614791870117,transformer,embedding,2
1127,1128,1.6401993434556061e-06,100.0,1.0000016689300537,0.001,NaN,NaN,NaN,transformer,embedding,2
1138,1139,1.463771695853211e-06,100.0,1.0000014305114746,0.001,NaN,NaN,NaN,transformer,embedding,2
1143,1144,NaN,NaN,NaN,NaN,2.9834084510803223,52.39107131958008,19.755035400390625,transformer,embedding,2
1149,1150,1.3070468867226737e-06,100.0,1.000001311302185,0.001,NaN,NaN,NaN,transformer,embedding,2
1160,1161,1.165115008916473e-06,100.0,1.0000011920928955,0.001,NaN,NaN,NaN,transformer,embedding,2
1165,1166,NaN,NaN,NaN,NaN,3.006847620010376,52.47077560424805,20.223546981811523,transformer,embedding,2
1171,1172,1.0392536751169246e-06,100.0,1.000001072883606,0.001,NaN,NaN,NaN,transformer,embedding,2
1182,1183,9.290299090025655e-07,100.0,1.0000009536743164,0.001,NaN,NaN,NaN,transformer,embedding,2
1188,1189,NaN,NaN,NaN,NaN,3.0304083824157715,52.47077560424805,20.705686569213867,transformer,embedding,2
1193,1194,8.32796672511904e-07,100.0,1.0000008344650269,0.001,NaN,NaN,NaN,transformer,embedding,2
1204,1205,7.420856604767323e-07,100.0,1.0000007152557373,0.001,NaN,NaN,NaN,transformer,embedding,2
1211,1212,NaN,NaN,NaN,NaN,3.053402900695801,52.49734115600586,21.187320709228516,transformer,embedding,2
1216,1217,6.565168746419658e-07,100.0,1.0000007152557373,0.001,NaN,NaN,NaN,transformer,embedding,2
1228,1229,5.824149411637336e-07,100.0,1.0000005960464478,0.001,NaN,NaN,NaN,transformer,embedding,2
1235,1236,NaN,NaN,NaN,NaN,3.0788872241973877,52.63018035888672,21.734203338623047,transformer,embedding,2
1240,1241,5.148489208295359e-07,100.0,1.0000004768371582,0.001,NaN,NaN,NaN,transformer,embedding,2
1252,1253,4.584330497436895e-07,100.0,1.0000004768371582,0.001,NaN,NaN,NaN,transformer,embedding,2
1259,1260,NaN,NaN,NaN,NaN,3.1020686626434326,52.68331527709961,22.243919372558594,transformer,embedding,2
1264,1265,4.06578607226038e-07,100.0,1.0000003576278687,0.001,NaN,NaN,NaN,transformer,embedding,2
1276,1277,3.599085403038771e-07,100.0,1.0000003576278687,0.001,NaN,NaN,NaN,transformer,embedding,2
1284,1285,NaN,NaN,NaN,NaN,3.1264302730560303,52.68331527709961,22.792470932006836,transformer,embedding,2
1288,1289,3.203445828603435e-07,100.0,1.0000003576278687,0.001,NaN,NaN,NaN,transformer,embedding,2
1300,1301,2.8654574180109194e-07,100.0,1.000000238418579,0.001,NaN,NaN,NaN,transformer,embedding,2
1309,1310,NaN,NaN,NaN,NaN,3.150001287460327,52.7364501953125,23.33609390258789,transformer,embedding,2
1313,1314,2.509096646008402e-07,100.0,1.000000238418579,0.001,NaN,NaN,NaN,transformer,embedding,2
1326,1327,2.214188299376474e-07,100.0,1.000000238418579,0.001,NaN,NaN,NaN,transformer,embedding,2
1335,1336,NaN,NaN,NaN,NaN,3.172713279724121,52.70988082885742,23.872167587280273,transformer,embedding,2
1339,1340,1.9734467571197456e-07,100.0,1.000000238418579,0.001,NaN,NaN,NaN,transformer,embedding,2
1352,1353,1.7522390294288925e-07,100.0,1.0000001192092896,0.001,NaN,NaN,NaN,transformer,embedding,2
1361,1362,NaN,NaN,NaN,NaN,3.1933841705322266,52.70988082885742,24.370763778686523,transformer,embedding,2
1365,1366,1.5421183263697458e-07,100.0,1.0000001192092896,0.001,NaN,NaN,NaN,transformer,embedding,2
1378,1379,1.3756054784153093e-07,100.0,1.0000001192092896,0.001,NaN,NaN,NaN,transformer,embedding,2
1388,1389,NaN,NaN,NaN,NaN,5.711576461791992,9.96280574798584,302.3473205566406,transformer,embedding,2
1391,1392,2.3417398929595947,33.0380859375,10.399314880371094,0.001,NaN,NaN,NaN,transformer,embedding,2
1404,1405,0.44916313886642456,82.17891693115234,1.5670002698898315,0.001,NaN,NaN,NaN,transformer,embedding,2
1415,1416,NaN,NaN,NaN,NaN,2.592533588409424,38.89479064941406,13.36358642578125,transformer,embedding,2
1418,1419,0.0677514597773552,97.6084976196289,1.0700993537902832,0.001,NaN,NaN,NaN,transformer,embedding,2
1432,1433,0.006910695228725672,99.92913818359375,1.006934642791748,0.001,NaN,NaN,NaN,transformer,embedding,2
1443,1444,NaN,NaN,NaN,NaN,2.97367787361145,45.82890319824219,19.563739776611328,transformer,embedding,2
1446,1447,0.001971487421542406,100.0,1.0019733905792236,0.001,NaN,NaN,NaN,transformer,embedding,2
1460,1461,0.0008814489119686186,100.0,1.0008817911148071,0.001,NaN,NaN,NaN,transformer,embedding,2
1471,1472,NaN,NaN,NaN,NaN,3.057886838912964,47.582359313964844,21.282535552978516,transformer,embedding,2
1474,1475,0.000558454601559788,100.0,1.000558614730835,0.001,NaN,NaN,NaN,transformer,embedding,2
1488,1489,0.0003822061116807163,100.0,1.0003823041915894,0.001,NaN,NaN,NaN,transformer,embedding,2
1500,1501,NaN,NaN,NaN,NaN,3.204895496368408,47.794898986816406,24.652923583984375,transformer,embedding,2
1502,1503,0.00024474109522998333,100.0,1.0002447366714478,0.001,NaN,NaN,NaN,transformer,embedding,2
1517,1518,0.0001844872604124248,100.0,1.0001845359802246,0.001,NaN,NaN,NaN,transformer,embedding,2
1529,1530,NaN,NaN,NaN,NaN,3.253976821899414,48.352813720703125,25.893108367919922,transformer,embedding,2
1532,1533,0.00015601870836690068,100.0,1.000156044960022,0.001,NaN,NaN,NaN,transformer,embedding,2
1547,1548,0.00013736392429564148,100.0,1.0001373291015625,0.001,NaN,NaN,NaN,transformer,embedding,2
1559,1560,NaN,NaN,NaN,NaN,3.2607038021087646,48.591922760009766,26.0678768157959,transformer,embedding,2
1562,1563,0.00012223368685226887,100.0,1.0001221895217896,0.001,NaN,NaN,NaN,transformer,embedding,2
1577,1578,0.00010923235095106065,100.0,1.0001091957092285,0.001,NaN,NaN,NaN,transformer,embedding,2
1590,1591,NaN,NaN,NaN,NaN,3.26426100730896,48.8841667175293,26.160770416259766,transformer,embedding,2
1592,1593,9.778741514310241e-05,100.0,1.0000977516174316,0.001,NaN,NaN,NaN,transformer,embedding,2
1607,1608,8.757118484936655e-05,100.0,1.0000876188278198,0.001,NaN,NaN,NaN,transformer,embedding,2
1621,1622,NaN,NaN,NaN,NaN,3.266584873199463,49.20297622680664,26.221635818481445,transformer,embedding,2
1623,1624,7.788932998664677e-05,100.0,1.0000778436660767,0.001,NaN,NaN,NaN,transformer,embedding,2
1639,1640,6.927360664121807e-05,100.0,1.000069260597229,0.001,NaN,NaN,NaN,transformer,embedding,2
1653,1654,NaN,NaN,NaN,NaN,3.2672903537750244,49.388946533203125,26.240140914916992,transformer,embedding,2
1655,1656,6.16265315329656e-05,100.0,1.0000616312026978,0.001,NaN,NaN,NaN,transformer,embedding,2
1671,1672,5.490222974913195e-05,100.0,1.000054955482483,0.001,NaN,NaN,NaN,transformer,embedding,2
1686,1687,NaN,NaN,NaN,NaN,3.2687244415283203,49.5483512878418,26.277799606323242,transformer,embedding,2
1687,1688,4.8951147618936375e-05,100.0,1.0000489950180054,0.001,NaN,NaN,NaN,transformer,embedding,2
1703,1704,4.364519554655999e-05,100.0,1.0000436305999756,0.001,NaN,NaN,NaN,transformer,embedding,2
1719,1720,NaN,NaN,NaN,NaN,3.270082950592041,49.76089096069336,26.313522338867188,transformer,embedding,2
1720,1721,3.859624484903179e-05,100.0,1.0000386238098145,0.001,NaN,NaN,NaN,transformer,embedding,2
1737,1738,3.409543933230452e-05,100.0,1.0000340938568115,0.001,NaN,NaN,NaN,transformer,embedding,2
1753,1754,NaN,NaN,NaN,NaN,3.2704360485076904,50.185970306396484,26.32281494140625,transformer,embedding,2
1754,1755,3.0087578124948777e-05,100.0,1.0000300407409668,0.001,NaN,NaN,NaN,transformer,embedding,2
1771,1772,2.6528683520155028e-05,100.0,1.0000265836715698,0.001,NaN,NaN,NaN,transformer,embedding,2
1788,1789,2.3380929633276537e-05,100.0,1.000023365020752,0.001,3.2708683013916016,50.345375061035156,26.334196090698242,transformer,embedding,2
1805,1806,2.059691905742511e-05,100.0,1.0000206232070923,0.001,NaN,NaN,NaN,transformer,embedding,2
1823,1824,1.8000042473431677e-05,100.0,1.0000180006027222,0.001,3.2711379528045654,50.425079345703125,26.341297149658203,transformer,embedding,2
1841,1842,1.571922803123016e-05,100.0,1.0000157356262207,0.001,NaN,NaN,NaN,transformer,embedding,2
1859,1860,1.3720304195885547e-05,100.0,1.0000137090682983,0.001,3.2716221809387207,50.6641845703125,26.354055404663086,transformer,embedding,2
1877,1878,1.1959686162299477e-05,100.0,1.000011920928955,0.001,NaN,NaN,NaN,transformer,embedding,2
1895,1896,1.0417220437375363e-05,100.0,1.000010371208191,0.001,NaN,NaN,NaN,transformer,embedding,2
1896,1897,NaN,NaN,NaN,NaN,3.2724883556365967,50.79702377319336,26.37689208984375,transformer,embedding,2
1913,1914,9.0743342298083e-06,100.0,1.0000090599060059,0.001,NaN,NaN,NaN,transformer,embedding,2
1932,1933,7.843146704544779e-06,100.0,1.0000078678131104,0.001,NaN,NaN,NaN,transformer,embedding,2
1933,1934,NaN,NaN,NaN,NaN,3.27372670173645,51.08926773071289,26.409576416015625,transformer,embedding,2
1951,1952,6.779965588066261e-06,100.0,1.0000067949295044,0.001,NaN,NaN,NaN,transformer,embedding,2
1970,1971,5.860709279659204e-06,100.0,1.000005841255188,0.001,NaN,NaN,NaN,transformer,embedding,2
1971,1972,NaN,NaN,NaN,NaN,3.276080846786499,51.30180740356445,26.47182273864746,transformer,embedding,2
1989,1990,5.070767656434327e-06,100.0,1.0000051259994507,0.001,NaN,NaN,NaN,transformer,embedding,2
2008,2009,4.388543857203331e-06,100.0,1.0000044107437134,0.001,NaN,NaN,NaN,transformer,embedding,2
2010,2011,NaN,NaN,NaN,NaN,3.2790331840515137,51.43464279174805,26.550090789794922,transformer,embedding,2
2028,2029,3.76896423404105e-06,100.0,1.0000038146972656,0.001,NaN,NaN,NaN,transformer,embedding,2
2048,2049,3.2384361929871375e-06,100.0,1.0000032186508179,0.001,NaN,NaN,NaN,transformer,embedding,2
2050,2051,NaN,NaN,NaN,NaN,3.281907796859741,51.67375183105469,26.626522064208984,transformer,embedding,2
2068,2069,2.7835196760861436e-06,100.0,1.0000027418136597,0.001,NaN,NaN,NaN,transformer,embedding,2
2088,2089,2.390488816672587e-06,100.0,1.000002384185791,0.001,NaN,NaN,NaN,transformer,embedding,2
2090,2091,NaN,NaN,NaN,NaN,3.2853169441223145,51.78002166748047,26.717451095581055,transformer,embedding,2
2108,2109,2.0547176973195747e-06,100.0,1.0000020265579224,0.001,NaN,NaN,NaN,transformer,embedding,2
2129,2130,1.7556917555339169e-06,100.0,1.0000017881393433,0.001,NaN,NaN,NaN,transformer,embedding,2
2131,2132,NaN,NaN,NaN,NaN,3.2893588542938232,52.04569625854492,26.825658798217773,transformer,embedding,2
2150,2151,1.5006642115622526e-06,100.0,1.0000015497207642,0.001,NaN,NaN,NaN,transformer,embedding,2
2171,2172,1.2842608612118056e-06,100.0,1.000001311302185,0.001,NaN,NaN,NaN,transformer,embedding,2
2173,2174,NaN,NaN,NaN,NaN,3.293739080429077,52.258235931396484,26.943418502807617,transformer,embedding,2
2192,2193,1.0996712944688625e-06,100.0,1.000001072883606,0.001,NaN,NaN,NaN,transformer,embedding,2
2213,2214,9.41468215387431e-07,100.0,1.0000009536743164,0.001,NaN,NaN,NaN,transformer,embedding,2
2216,2217,NaN,NaN,NaN,NaN,3.298938274383545,52.33793640136719,27.0838680267334,transformer,embedding,2
2235,2236,8.001909463928314e-07,100.0,1.0000008344650269,0.001,NaN,NaN,NaN,transformer,embedding,2
2257,2258,6.810556101299881e-07,100.0,1.0000007152557373,0.001,NaN,NaN,NaN,transformer,embedding,2
2260,2261,NaN,NaN,NaN,NaN,3.304685354232788,52.47077560424805,27.23996925354004,transformer,embedding,2
2279,2280,5.786665724372142e-07,100.0,1.0000005960464478,0.001,NaN,NaN,NaN,transformer,embedding,2
2301,2302,4.912288318337232e-07,100.0,1.0000004768371582,0.001,NaN,NaN,NaN,transformer,embedding,2
2305,2306,NaN,NaN,NaN,NaN,3.311702013015747,52.60361099243164,27.431774139404297,transformer,embedding,2
2324,2325,4.1533186845299497e-07,100.0,1.0000003576278687,0.001,NaN,NaN,NaN,transformer,embedding,2
2347,2348,3.5060620007243415e-07,100.0,1.0000003576278687,0.001,NaN,NaN,NaN,transformer,embedding,2
2351,2352,NaN,NaN,NaN,NaN,3.321105480194092,52.7364501953125,27.69094467163086,transformer,embedding,2
2370,2371,2.9633378062499105e-07,100.0,1.000000238418579,0.001,NaN,NaN,NaN,transformer,embedding,2
2393,2394,2.502339100374229e-07,100.0,1.000000238418579,0.001,NaN,NaN,NaN,transformer,embedding,2
2398,2399,NaN,NaN,NaN,NaN,3.3316993713378906,52.78958511352539,27.985858917236328,transformer,embedding,2
2416,2417,2.1077552503356856e-07,100.0,1.000000238418579,0.001,NaN,NaN,NaN,transformer,embedding,2
2440,2441,1.7724065060065186e-07,100.0,1.0000001192092896,0.001,NaN,NaN,NaN,transformer,embedding,2
2445,2446,NaN,NaN,NaN,NaN,3.3448121547698975,52.78958511352539,28.355249404907227,transformer,embedding,2
2464,2465,1.4911191215105646e-07,100.0,1.0000001192092896,0.001,NaN,NaN,NaN,transformer,embedding,2
2488,2489,1.2543898719741264e-07,100.0,1.0000001192092896,0.001,NaN,NaN,NaN,transformer,embedding,2
2493,2494,NaN,NaN,NaN,NaN,3.3573989868164062,53.02869415283203,28.714406967163086,transformer,embedding,2
2512,2513,1.0538776251678428e-07,100.0,1.0000001192092896,0.001,NaN,NaN,NaN,transformer,embedding,2
2537,2538,8.86836772906463e-08,100.0,1.0000001192092896,0.001,NaN,NaN,NaN,transformer,embedding,2
2542,2543,NaN,NaN,NaN,NaN,3.3675663471221924,53.161529541015625,29.00784683227539,transformer,embedding,2
2562,2563,7.457707340563502e-08,100.0,1.0000001192092896,0.001,NaN,NaN,NaN,transformer,embedding,2
2587,2588,6.358531834393943e-08,100.0,1.0000001192092896,0.001,NaN,NaN,NaN,transformer,embedding,2
2592,2593,NaN,NaN,NaN,NaN,3.3705410957336426,53.161529541015625,29.09426498413086,transformer,embedding,2
2612,2613,5.524383794863752e-08,100.0,1.0,0.001,NaN,NaN,NaN,transformer,embedding,2
2638,2639,4.863400704380183e-08,100.0,1.0,0.001,NaN,NaN,NaN,transformer,embedding,2
2643,2644,NaN,NaN,NaN,NaN,3.367795705795288,53.1880989074707,29.01449966430664,transformer,embedding,2
2664,2665,4.3016704864839994e-08,100.0,1.0,0.001,NaN,NaN,NaN,transformer,embedding,2
2690,2691,3.886708199729583e-08,100.0,1.0,0.001,NaN,NaN,NaN,transformer,embedding,2
2695,2696,NaN,NaN,NaN,NaN,3.3577065467834473,53.214664459228516,28.72323989868164,transformer,embedding,2
2716,2717,3.6427991290111095e-08,100.0,1.0,0.001,NaN,NaN,NaN,transformer,embedding,2
2743,2744,3.329201447854757e-08,100.0,1.0,0.001,NaN,NaN,NaN,transformer,embedding,2
2748,2749,NaN,NaN,NaN,NaN,3.3459904193878174,53.37406921386719,28.3886775970459,transformer,embedding,2
2770,2771,3.040945273369289e-08,100.0,1.0,0.001,NaN,NaN,NaN,transformer,embedding,2
2797,2798,2.8529980156122292e-08,100.0,1.0,0.001,NaN,NaN,NaN,transformer,embedding,2
2802,2803,NaN,NaN,NaN,NaN,3.3336870670318604,53.214664459228516,28.041542053222656,transformer,embedding,2
2824,2825,2.751633054742797e-08,100.0,1.0,0.001,NaN,NaN,NaN,transformer,embedding,2
2852,2853,2.970201151697438e-08,100.0,1.0,0.001,NaN,NaN,NaN,transformer,embedding,2
2858,2859,NaN,NaN,NaN,NaN,3.315925121307373,53.294368743896484,27.547866821289062,transformer,embedding,2
2880,2881,2.2363618512599714e-08,100.0,1.0,0.001,NaN,NaN,NaN,transformer,embedding,2
2908,2909,0.7927359938621521,67.38706970214844,2.209433078765869,0.001,NaN,NaN,NaN,transformer,embedding,2
2915,2916,NaN,NaN,NaN,NaN,3.261101007461548,35.520721435546875,26.07823371887207,transformer,embedding,2
2937,2938,0.0032667212653905153,99.98228454589844,1.0032720565795898,0.001,NaN,NaN,NaN,transformer,embedding,2
2966,2967,0.00035847831168211997,100.0,1.0003585815429688,0.001,NaN,NaN,NaN,transformer,embedding,2
2973,2974,NaN,NaN,NaN,NaN,3.2841084003448486,48.3793830871582,26.6851806640625,transformer,embedding,2
2995,2996,0.0001646053569857031,100.0,1.0001646280288696,0.001,NaN,NaN,NaN,transformer,embedding,2
3024,3025,0.00011172286031069234,100.0,1.000111699104309,0.001,NaN,NaN,NaN,transformer,embedding,2
3032,3033,NaN,NaN,NaN,NaN,3.304919481277466,49.36238098144531,27.246347427368164,transformer,embedding,2
3054,3055,8.16307365312241e-05,100.0,1.0000816583633423,0.001,NaN,NaN,NaN,transformer,embedding,2
3084,3085,6.13253578194417e-05,100.0,1.000061273574829,0.001,NaN,NaN,NaN,transformer,embedding,2
3092,3093,NaN,NaN,NaN,NaN,3.3265511989593506,49.92029571533203,27.842153549194336,transformer,embedding,2
3114,3115,4.6718203520867974e-05,100.0,1.000046730041504,0.001,NaN,NaN,NaN,transformer,embedding,2
3145,3146,3.55831507476978e-05,100.0,1.0000355243682861,0.001,NaN,NaN,NaN,transformer,embedding,2
3153,3154,NaN,NaN,NaN,NaN,3.3514368534088135,50.5844841003418,28.543716430664062,transformer,embedding,2
3176,3177,2.7249443519394845e-05,100.0,1.0000272989273071,0.001,NaN,NaN,NaN,transformer,embedding,2
3207,3208,2.0938643501722254e-05,100.0,1.000020980834961,0.001,NaN,NaN,NaN,transformer,embedding,2
3216,3217,NaN,NaN,NaN,NaN,3.3803415298461914,50.98299789428711,29.38080406188965,transformer,embedding,2
3239,3240,1.591566251590848e-05,100.0,1.0000159740447998,0.001,NaN,NaN,NaN,transformer,embedding,2
3271,3272,1.190892726299353e-05,100.0,1.000011920928955,0.001,NaN,NaN,NaN,transformer,embedding,2
3280,3281,NaN,NaN,NaN,NaN,3.425313711166382,51.54091262817383,30.732284545898438,transformer,embedding,2
3303,3304,8.494087524013594e-06,100.0,1.000008463859558,0.001,NaN,NaN,NaN,transformer,embedding,2
3336,3337,5.627236987493234e-06,100.0,1.0000056028366089,0.001,NaN,NaN,NaN,transformer,embedding,2
3345,3346,NaN,NaN,NaN,NaN,3.527245044708252,51.83315658569336,34.030086517333984,transformer,embedding,2
3369,3370,4.344686658441788e-06,100.0,1.0000042915344238,0.001,NaN,NaN,NaN,transformer,embedding,2
3402,3403,3.4570080060802866e-06,100.0,1.000003457069397,0.001,NaN,NaN,NaN,transformer,embedding,2
3411,3412,NaN,NaN,NaN,NaN,3.5361132621765137,51.88629150390625,34.333213806152344,transformer,embedding,2
3436,3437,2.7286323529551737e-06,100.0,1.0000027418136597,0.001,NaN,NaN,NaN,transformer,embedding,2
3470,3471,2.142735183952027e-06,100.0,1.000002145767212,0.001,NaN,NaN,NaN,transformer,embedding,2
3479,3480,NaN,NaN,NaN,NaN,3.5365753173828125,52.178531646728516,34.349082946777344,transformer,embedding,2
3504,3505,1.674240479587752e-06,100.0,1.0000016689300537,0.001,NaN,NaN,NaN,transformer,embedding,2
3539,3540,1.2919898608743097e-06,100.0,1.000001311302185,0.001,NaN,NaN,NaN,transformer,embedding,2
3548,3549,NaN,NaN,NaN,NaN,3.5370893478393555,52.231666564941406,34.36674499511719,transformer,embedding,2
3574,3575,9.925939821187058e-07,100.0,1.0000009536743164,0.001,NaN,NaN,NaN,transformer,embedding,2
3609,3610,7.599301170557737e-07,100.0,1.0000007152557373,0.001,NaN,NaN,NaN,transformer,embedding,2
3618,3619,NaN,NaN,NaN,NaN,3.539903163909912,52.47077560424805,34.46358108520508,transformer,embedding,2
3645,3646,5.763330364061403e-07,100.0,1.0000005960464478,0.001,NaN,NaN,NaN,transformer,embedding,2
3681,3682,4.356576539521484e-07,100.0,1.0000004768371582,0.001,NaN,NaN,NaN,transformer,embedding,2
3690,3691,NaN,NaN,NaN,NaN,3.5455307960510254,52.76301574707031,34.658077239990234,transformer,embedding,2
3717,3718,3.290239476427814e-07,100.0,1.0000003576278687,0.001,NaN,NaN,NaN,transformer,embedding,2
3754,3755,2.4612651827737864e-07,100.0,1.000000238418579,0.001,NaN,NaN,NaN,transformer,embedding,2
3763,3764,NaN,NaN,NaN,NaN,3.5543901920318604,53.055259704589844,34.96649169921875,transformer,embedding,2
3791,3792,1.831641611715895e-07,100.0,1.000000238418579,0.001,NaN,NaN,NaN,transformer,embedding,2
3828,3829,1.3705371770811325e-07,100.0,1.0000001192092896,0.001,NaN,NaN,NaN,transformer,embedding,2
3838,3839,NaN,NaN,NaN,NaN,3.5637094974517822,53.108394622802734,35.29387664794922,transformer,embedding,2
3866,3867,1.0153378582344885e-07,100.0,1.0000001192092896,0.001,NaN,NaN,NaN,transformer,embedding,2
3904,3905,7.552736747129529e-08,100.0,1.0000001192092896,0.001,NaN,NaN,NaN,transformer,embedding,2
3914,3915,NaN,NaN,NaN,NaN,3.5656800270080566,53.347503662109375,35.363494873046875,transformer,embedding,2
3943,3944,5.661648927457463e-08,100.0,1.0,0.001,NaN,NaN,NaN,transformer,embedding,2
3982,3983,4.5223501388136356e-08,100.0,1.0,0.001,NaN,NaN,NaN,transformer,embedding,2
3992,3993,NaN,NaN,NaN,NaN,3.536667823791504,53.400638580322266,34.35226058959961,transformer,embedding,2
4021,4022,3.866646380856764e-08,100.0,1.0,0.001,NaN,NaN,NaN,transformer,embedding,2
4061,4062,3.372492685116413e-08,100.0,1.0,0.001,NaN,NaN,NaN,transformer,embedding,2
4071,4072,NaN,NaN,NaN,NaN,3.4795305728912354,53.37406921386719,32.444488525390625,transformer,embedding,2
4101,4102,3.00398923513967e-08,100.0,1.0,0.001,NaN,NaN,NaN,transformer,embedding,2
4142,4143,2.8529980156122292e-08,100.0,1.0,0.001,NaN,NaN,NaN,transformer,embedding,2
4152,4153,NaN,NaN,NaN,NaN,3.4149701595306396,53.241233825683594,30.41604232788086,transformer,embedding,2
4183,4184,2.8931214757221824e-08,100.0,1.0,0.001,NaN,NaN,NaN,transformer,embedding,2
4224,4225,2.197294080019674e-08,100.0,1.0,0.001,NaN,NaN,NaN,transformer,embedding,2
4235,4236,NaN,NaN,NaN,NaN,3.3517796993255615,53.50690841674805,28.553504943847656,transformer,embedding,2
4266,4267,2.5077239840243237e-08,100.0,1.0,0.001,NaN,NaN,NaN,transformer,embedding,2
4308,4309,2.0515821930189304e-08,100.0,1.0,0.001,NaN,NaN,NaN,transformer,embedding,2
4319,4320,NaN,NaN,NaN,NaN,3.304776668548584,53.66631317138672,27.242456436157227,transformer,embedding,2
4351,4352,3.23311617478339e-08,100.0,1.0,0.001,NaN,NaN,NaN,transformer,embedding,2
4394,4395,1.7052522949256854e-08,100.0,1.0,0.001,NaN,NaN,NaN,transformer,embedding,2
4405,4406,NaN,NaN,NaN,NaN,3.2645208835601807,53.56004333496094,26.167570114135742,transformer,embedding,2
4437,4438,1.5986080015295556e-08,100.0,1.0,0.001,NaN,NaN,NaN,transformer,embedding,2
4481,4482,2.3356149014830407e-08,100.0,1.0,0.001,NaN,NaN,NaN,transformer,embedding,2
4493,4494,NaN,NaN,NaN,NaN,3.2380025386810303,53.71944808959961,25.482770919799805,transformer,embedding,2
4525,4526,0.008457967080175877,99.89370727539062,1.0084937810897827,0.001,NaN,NaN,NaN,transformer,embedding,2
4570,4571,0.00015826975868549198,100.0,1.0001583099365234,0.001,NaN,NaN,NaN,transformer,embedding,2
4582,4583,NaN,NaN,NaN,NaN,3.3955838680267334,48.11370849609375,29.83206558227539,transformer,embedding,2
4615,4616,6.752847548341379e-05,100.0,1.0000674724578857,0.001,NaN,NaN,NaN,transformer,embedding,2
4661,4662,4.110716326977126e-05,100.0,1.000041127204895,0.001,NaN,NaN,NaN,transformer,embedding,2
4673,4674,NaN,NaN,NaN,NaN,3.4449429512023926,49.36238098144531,31.341495513916016,transformer,embedding,2
4707,4708,2.647157816682011e-05,100.0,1.0000264644622803,0.001,NaN,NaN,NaN,transformer,embedding,2
4754,4755,1.7189593563671224e-05,100.0,1.0000171661376953,0.001,NaN,NaN,NaN,transformer,embedding,2
4766,4767,NaN,NaN,NaN,NaN,3.5009710788726807,50.185970306396484,33.14762496948242,transformer,embedding,2
4801,4802,1.1240103958698455e-05,100.0,1.0000112056732178,0.001,NaN,NaN,NaN,transformer,embedding,2
4849,4850,7.317859854083508e-06,100.0,1.0000072717666626,0.001,NaN,NaN,NaN,transformer,embedding,2
4861,4862,NaN,NaN,NaN,NaN,3.565659523010254,50.531349182128906,35.362770080566406,transformer,embedding,2
4897,4898,4.772949523612624e-06,100.0,1.000004768371582,0.001,NaN,NaN,NaN,transformer,embedding,2
4945,4946,3.1178019526123535e-06,100.0,1.0000030994415283,0.001,NaN,NaN,NaN,transformer,embedding,2
4958,4959,NaN,NaN,NaN,NaN,3.633923053741455,51.275238037109375,37.86105728149414,transformer,embedding,2
4994,4995,2.0252873582649045e-06,100.0,1.0000020265579224,0.001,NaN,NaN,NaN,transformer,embedding,2
5043,5044,1.3212475096224807e-06,100.0,1.000001311302185,0.001,NaN,NaN,NaN,transformer,embedding,2
5057,5058,NaN,NaN,NaN,NaN,3.7001562118530273,51.567481994628906,40.4536247253418,transformer,embedding,2
5093,5094,8.582643431509496e-07,100.0,1.0000008344650269,0.001,NaN,NaN,NaN,transformer,embedding,2
5143,5144,5.59660577437171e-07,100.0,1.0000005960464478,0.001,NaN,NaN,NaN,transformer,embedding,2
5158,5159,NaN,NaN,NaN,NaN,3.7574801445007324,51.91285705566406,42.84033966064453,transformer,embedding,2
5194,5195,3.6225259236744023e-07,100.0,1.0000003576278687,0.001,NaN,NaN,NaN,transformer,embedding,2
5245,5246,2.3541984717212472e-07,100.0,1.000000238418579,0.001,NaN,NaN,NaN,transformer,embedding,2
5261,5262,NaN,NaN,NaN,NaN,3.799912929534912,52.2848014831543,44.69729232788086,transformer,embedding,2
5297,5298,1.525857697970423e-07,100.0,1.0000001192092896,0.001,NaN,NaN,NaN,transformer,embedding,2
5349,5350,9.889407692753593e-08,100.0,1.0000001192092896,0.001,NaN,NaN,NaN,transformer,embedding,2
5366,5367,NaN,NaN,NaN,NaN,3.819467544555664,52.57704544067383,45.579933166503906,transformer,embedding,2
5402,5403,6.373314676011432e-08,100.0,1.0000001192092896,0.001,NaN,NaN,NaN,transformer,embedding,2
5456,5457,4.436823530795664e-08,100.0,1.0,0.001,NaN,NaN,NaN,transformer,embedding,2
5473,5474,NaN,NaN,NaN,NaN,3.7794644832611084,53.055259704589844,43.79258346557617,transformer,embedding,2
5510,5511,3.5857812719086724e-08,100.0,1.0,0.001,NaN,NaN,NaN,transformer,embedding,2
5565,5566,3.333425269147483e-08,100.0,1.0,0.001,NaN,NaN,NaN,transformer,embedding,2
5582,5583,NaN,NaN,NaN,NaN,3.627559185028076,53.42720413208008,37.620880126953125,transformer,embedding,2
5620,5621,3.1138011280518185e-08,100.0,1.0,0.001,NaN,NaN,NaN,transformer,embedding,2
5676,5677,2.970201151697438e-08,100.0,1.0,0.001,NaN,NaN,NaN,transformer,embedding,2
5693,5694,NaN,NaN,NaN,NaN,3.452765464782715,53.56004333496094,31.58762550354004,transformer,embedding,2
5732,5733,2.5383446455862213e-08,100.0,1.0,0.001,NaN,NaN,NaN,transformer,embedding,2
5789,5790,2.989207104064917e-08,100.0,1.0,0.001,NaN,NaN,NaN,transformer,embedding,2
5806,5807,NaN,NaN,NaN,NaN,3.316737651824951,53.93198776245117,27.57025909423828,transformer,embedding,2
5846,5847,3.626960776159649e-08,100.0,1.0,0.001,NaN,NaN,NaN,transformer,embedding,2
5904,5905,2.1835676378145763e-08,100.0,1.0,0.001,NaN,NaN,NaN,transformer,embedding,2
5922,5923,NaN,NaN,NaN,NaN,3.225179433822632,54.117958068847656,25.15808868408203,transformer,embedding,2
5963,5964,2.594306458547635e-08,100.0,1.0,0.001,NaN,NaN,NaN,transformer,embedding,2
6022,6023,3.397834191787297e-08,100.0,1.0,0.001,NaN,NaN,NaN,transformer,embedding,2
6040,6041,NaN,NaN,NaN,NaN,3.171891689300537,54.144527435302734,23.852563858032227,transformer,embedding,2
6082,6083,4.096829187005824e-08,100.0,1.0,0.001,NaN,NaN,NaN,transformer,embedding,2
6142,6143,1.8161200543431733e-08,100.0,1.0,0.001,NaN,NaN,NaN,transformer,embedding,2
6160,6161,NaN,NaN,NaN,NaN,3.134718179702759,54.064823150634766,22.982158660888672,transformer,embedding,2
6203,6204,4.6648946039340444e-08,100.0,1.0,0.001,NaN,NaN,NaN,transformer,embedding,2
6265,6266,3.2753515455397064e-08,100.0,1.0,0.001,NaN,NaN,NaN,transformer,embedding,2
6283,6284,NaN,NaN,NaN,NaN,3.095792531967163,54.091392517089844,22.10474967956543,transformer,embedding,2
6327,6328,2.5066681175189842e-08,100.0,1.0,0.001,NaN,NaN,NaN,transformer,embedding,2
6390,6391,2.2659264686808456e-08,100.0,1.0,0.001,NaN,NaN,NaN,transformer,embedding,2
6408,6409,NaN,NaN,NaN,NaN,3.0648036003112793,54.27736282348633,21.430252075195312,transformer,embedding,2
6453,6454,1.9882291368844562e-08,100.0,1.0,0.001,NaN,NaN,NaN,transformer,embedding,2
6517,6518,5.799969571285146e-08,100.0,1.0,0.001,NaN,NaN,NaN,transformer,embedding,2
6536,6537,NaN,NaN,NaN,NaN,3.054058074951172,54.27736282348633,21.20120620727539,transformer,embedding,2
6582,6583,4.428376598752948e-08,100.0,1.0,0.001,NaN,NaN,NaN,transformer,embedding,2
6647,6648,1.5183609036739654e-08,100.0,1.0,0.001,NaN,NaN,NaN,transformer,embedding,2
6666,6667,NaN,NaN,NaN,NaN,3.014848232269287,54.303932189941406,20.385995864868164,transformer,embedding,2
6713,6714,3.1391426347227025e-08,100.0,1.0,0.001,NaN,NaN,NaN,transformer,embedding,2
6780,6781,3.001877502128991e-08,100.0,1.0,0.001,NaN,NaN,NaN,transformer,embedding,2
6799,6800,NaN,NaN,NaN,NaN,2.9988083839416504,54.197662353515625,20.061616897583008,transformer,embedding,2
6847,6848,4.504400052951496e-08,100.0,1.0,0.001,NaN,NaN,NaN,transformer,embedding,2
6915,6916,4.223535299274772e-08,100.0,1.0,0.001,NaN,NaN,NaN,transformer,embedding,2
6934,6935,NaN,NaN,NaN,NaN,2.9813342094421387,54.303932189941406,19.714101791381836,transformer,embedding,2
6984,6985,2.1825117713092368e-08,100.0,1.0,0.001,NaN,NaN,NaN,transformer,embedding,2
7053,7054,3.02088345449647e-08,100.0,1.0,0.001,NaN,NaN,NaN,transformer,embedding,2
7072,7073,NaN,NaN,NaN,NaN,2.983837604522705,54.46333694458008,19.76351547241211,transformer,embedding,2
7123,7124,3.318642782801362e-08,100.0,1.0,0.001,NaN,NaN,NaN,transformer,embedding,2
7194,7195,3.586837138414012e-08,100.0,1.0,0.001,NaN,NaN,NaN,transformer,embedding,2
7213,7214,NaN,NaN,NaN,NaN,2.967641592025757,54.33049774169922,19.446002960205078,transformer,embedding,2
7265,7266,3.581557805887314e-08,100.0,1.0,0.001,NaN,NaN,NaN,transformer,embedding,2
7337,7338,4.898244654327755e-08,100.0,1.0,0.001,NaN,NaN,NaN,transformer,embedding,2
7357,7358,NaN,NaN,NaN,NaN,2.9622414112091064,54.48990249633789,19.34127426147461,transformer,embedding,2
7410,7411,1.7559347753604015e-08,100.0,1.0,0.001,NaN,NaN,NaN,transformer,embedding,2
7484,7485,1.523640236200663e-08,100.0,1.0,0.001,NaN,NaN,NaN,transformer,embedding,2
7504,7505,NaN,NaN,NaN,NaN,2.942594289779663,54.54303741455078,18.964982986450195,transformer,embedding,2
7558,7559,3.1560364988081346e-08,100.0,1.0,0.001,NaN,NaN,NaN,transformer,embedding,2
7633,7634,4.347073456756334e-08,100.0,1.0,0.001,NaN,NaN,NaN,transformer,embedding,2
7654,7655,NaN,NaN,NaN,NaN,2.8911638259887695,54.54303741455078,18.014263153076172,transformer,embedding,2
7709,7710,2.453873904073589e-08,100.0,1.0,0.001,NaN,NaN,NaN,transformer,embedding,2
7786,7787,4.450550150636445e-08,100.0,1.0,0.001,NaN,NaN,NaN,transformer,embedding,2
7807,7808,NaN,NaN,NaN,NaN,2.8990933895111084,54.59617233276367,18.157676696777344,transformer,embedding,2
7863,7864,4.5265736048349936e-08,100.0,1.0,0.001,NaN,NaN,NaN,transformer,embedding,2
7941,7942,3.7145991171883e-08,100.0,1.0,0.001,NaN,NaN,NaN,transformer,embedding,2
7963,7964,NaN,NaN,NaN,NaN,2.8891069889068604,54.755577087402344,17.977249145507812,transformer,embedding,2
8020,8021,3.1201366823552235e-08,100.0,1.0,0.001,NaN,NaN,NaN,transformer,embedding,2
8100,8101,1.8382937838623548e-08,100.0,1.0,0.001,NaN,NaN,NaN,transformer,embedding,2
8122,8123,NaN,NaN,NaN,NaN,2.864816904067993,54.78214645385742,17.545841217041016,transformer,embedding,2
8181,8182,4.3882529610073107e-08,100.0,1.0,0.001,NaN,NaN,NaN,transformer,embedding,2
8262,8263,2.5087798505296632e-08,100.0,1.0,0.001,NaN,NaN,NaN,transformer,embedding,2
8284,8285,NaN,NaN,NaN,NaN,2.868272304534912,54.941551208496094,17.6065731048584,transformer,embedding,2
8344,8345,2.8012596686721736e-08,100.0,1.0,0.001,NaN,NaN,NaN,transformer,embedding,2
8427,8428,3.7652817752587e-08,100.0,1.0,0.001,NaN,NaN,NaN,transformer,embedding,2
8449,8450,NaN,NaN,NaN,NaN,2.858811855316162,54.755577087402344,17.440792083740234,transformer,embedding,2
8511,8512,1.691525852720588e-08,100.0,1.0,0.001,NaN,NaN,NaN,transformer,embedding,2
8596,8597,3.805405057732969e-08,100.0,1.0,0.001,NaN,NaN,NaN,transformer,embedding,2
8617,8618,NaN,NaN,NaN,NaN,2.842074394226074,55.07438659667969,17.151308059692383,transformer,embedding,2
8681,8682,3.964843742210178e-08,100.0,1.0,0.001,NaN,NaN,NaN,transformer,embedding,2
8767,8768,2.7442419892054204e-08,100.0,1.0,0.001,NaN,NaN,NaN,transformer,embedding,2
8789,8790,NaN,NaN,NaN,NaN,2.8244705200195312,54.968116760253906,16.852020263671875,transformer,embedding,2
8854,8855,2.5383446455862213e-08,100.0,1.0,0.001,NaN,NaN,NaN,transformer,embedding,2
8942,8943,2.913183294595001e-08,100.0,1.0,0.001,NaN,NaN,NaN,transformer,embedding,2
8964,8965,NaN,NaN,NaN,NaN,2.824598550796509,55.047821044921875,16.854177474975586,transformer,embedding,2
9031,9032,4.287944221914586e-08,100.0,1.0,0.001,NaN,NaN,NaN,transformer,embedding,2
9121,9122,4.091549854479126e-08,100.0,1.0,0.001,NaN,NaN,NaN,transformer,embedding,2
9143,9144,NaN,NaN,NaN,NaN,2.824341297149658,55.12752151489258,16.849842071533203,transformer,embedding,2
9212,9213,3.575222606855277e-08,100.0,1.0,0.001,NaN,NaN,NaN,transformer,embedding,2
9304,9305,1.8773613774669684e-08,100.0,1.0,0.001,NaN,NaN,NaN,transformer,embedding,2
9325,9326,NaN,NaN,NaN,NaN,2.8167450428009033,55.23379135131836,16.722332000732422,transformer,embedding,2
9397,9398,1.8921438638130894e-08,100.0,1.0,0.001,NaN,NaN,NaN,transformer,embedding,2
9490,9491,2.4612649696109656e-08,100.0,1.0,0.001,NaN,NaN,NaN,transformer,embedding,2
9511,9512,NaN,NaN,NaN,NaN,2.7942352294921875,55.41976547241211,16.350120544433594,transformer,embedding,2
9584,9585,3.0926834426736605e-08,100.0,1.0,0.001,NaN,NaN,NaN,transformer,embedding,2
9679,9680,4.804271114267067e-08,100.0,1.0,0.001,NaN,NaN,NaN,transformer,embedding,2
9701,9702,NaN,NaN,NaN,NaN,2.7964792251586914,55.154090881347656,16.386850357055664,transformer,embedding,2
9775,9776,2.0346881512978143e-08,100.0,1.0,0.001,NaN,NaN,NaN,transformer,embedding,2
9872,9873,3.826522743111127e-08,100.0,1.0,0.001,NaN,NaN,NaN,transformer,embedding,2
9895,9896,NaN,NaN,NaN,NaN,2.7836992740631104,55.340065002441406,16.178760528564453,transformer,embedding,2
9970,9971,2.4961092748299052e-08,100.0,1.0,0.001,NaN,NaN,NaN,transformer,embedding,2
10069,10070,2.7463537222160994e-08,100.0,1.0,0.001,NaN,NaN,NaN,transformer,embedding,2
10092,10093,NaN,NaN,NaN,NaN,2.783268690109253,55.36663055419922,16.171794891357422,transformer,embedding,2
10169,10170,3.331313536136804e-08,100.0,1.0,0.001,NaN,NaN,NaN,transformer,embedding,2
10270,10271,1.4370578504951936e-08,100.0,1.0,0.001,NaN,NaN,NaN,transformer,embedding,2
10293,10294,NaN,NaN,NaN,NaN,2.784144401550293,55.26036071777344,16.185962677001953,transformer,embedding,2
10372,10373,2.5277858028971423e-08,100.0,1.0,0.001,NaN,NaN,NaN,transformer,embedding,2
10475,10476,4.4906734331107145e-08,100.0,1.0,0.001,NaN,NaN,NaN,transformer,embedding,2
10498,10499,NaN,NaN,NaN,NaN,2.7630200386047363,55.55260467529297,15.847631454467773,transformer,embedding,2
10579,10580,3.2436748398367854e-08,100.0,1.0,0.001,NaN,NaN,NaN,transformer,embedding,2
10684,10685,2.575300506180156e-08,100.0,1.0,0.001,NaN,NaN,NaN,transformer,embedding,2
10707,10708,NaN,NaN,NaN,NaN,2.7702083587646484,55.41976547241211,15.961959838867188,transformer,embedding,2
10790,10791,2.8371596627607687e-08,100.0,1.0,0.001,NaN,NaN,NaN,transformer,embedding,2
10897,10898,1.880528976982987e-08,100.0,1.0,0.001,NaN,NaN,NaN,transformer,embedding,2
10921,10922,NaN,NaN,NaN,NaN,2.736652135848999,55.49946975708008,15.435223579406738,transformer,embedding,2
11005,11006,4.1992500143805955e-08,100.0,1.0,0.001,NaN,NaN,NaN,transformer,embedding,2
11115,11116,3.035665940842591e-08,100.0,1.0,0.001,NaN,NaN,NaN,transformer,embedding,2
11139,11140,NaN,NaN,NaN,NaN,2.7353556156158447,55.49946975708008,15.415224075317383,transformer,embedding,2
11226,11227,3.883540600213564e-08,100.0,1.0,0.001,NaN,NaN,NaN,transformer,embedding,2
11338,11339,4.212976278950009e-08,100.0,1.0,0.001,NaN,NaN,NaN,transformer,embedding,2
11361,11362,NaN,NaN,NaN,NaN,2.7366995811462402,55.57917022705078,15.435956001281738,transformer,embedding,2
11451,11452,2.75374496538916e-08,100.0,1.0,0.001,NaN,NaN,NaN,transformer,embedding,2
11565,11566,1.8604673357458523e-08,100.0,1.0,0.001,NaN,NaN,NaN,transformer,embedding,2
11588,11589,NaN,NaN,NaN,NaN,2.73030948638916,55.52603530883789,15.33763313293457,transformer,embedding,2
11680,11681,4.833835731687941e-08,100.0,1.0,0.001,NaN,NaN,NaN,transformer,embedding,2
11796,11797,2.4992768743459237e-08,100.0,1.0,0.001,NaN,NaN,NaN,transformer,embedding,2
11819,11820,NaN,NaN,NaN,NaN,2.722249746322632,55.63230514526367,15.214512825012207,transformer,embedding,2
11913,11914,2.0494704600082514e-08,100.0,1.0,0.001,NaN,NaN,NaN,transformer,embedding,2
12032,12033,3.775840440312095e-08,100.0,1.0,0.001,NaN,NaN,NaN,transformer,embedding,2
12055,12056,NaN,NaN,NaN,NaN,2.7185826301574707,55.65887451171875,15.158821105957031,transformer,embedding,2
12152,12153,2.8477185054498477e-08,100.0,1.0,0.001,NaN,NaN,NaN,transformer,embedding,2
12273,12274,2.2849324210483246e-08,100.0,1.0,0.001,NaN,NaN,NaN,transformer,embedding,2
12296,12297,NaN,NaN,NaN,NaN,2.7089812755584717,55.63230514526367,15.013972282409668,transformer,embedding,2
12395,12396,2.959642309008359e-08,100.0,1.0,0.001,NaN,NaN,NaN,transformer,embedding,2
12518,12519,2.6734976898978857e-08,100.0,1.0,0.001,NaN,NaN,NaN,transformer,embedding,2
12541,12542,NaN,NaN,NaN,NaN,2.7036893367767334,55.472900390625,14.93472957611084,transformer,embedding,2
12643,12644,2.22263523141919e-08,100.0,1.0,0.001,NaN,NaN,NaN,transformer,embedding,2
12769,12770,2.7484654552267784e-08,100.0,1.0,0.001,NaN,NaN,NaN,transformer,embedding,2
12791,12792,NaN,NaN,NaN,NaN,2.696068048477173,55.60573959350586,14.821340560913086,transformer,embedding,2
12896,12897,2.3451178776667803e-08,100.0,1.0,0.001,NaN,NaN,NaN,transformer,embedding,2
13024,13025,1.4771813994229888e-08,100.0,1.0,0.001,NaN,NaN,NaN,transformer,embedding,2
13046,13047,NaN,NaN,NaN,NaN,2.699791669845581,55.68544006347656,14.876631736755371,transformer,embedding,2
13154,13155,2.1867352373305948e-08,100.0,1.0,0.001,NaN,NaN,NaN,transformer,embedding,2
13285,13286,3.8486962949946246e-08,100.0,1.0,0.001,NaN,NaN,NaN,transformer,embedding,2
13306,13307,NaN,NaN,NaN,NaN,2.6984808444976807,55.60573959350586,14.857144355773926,transformer,embedding,2
13417,13418,1.8382937838623548e-08,100.0,1.0,0.001,NaN,NaN,NaN,transformer,embedding,2
13551,13552,3.169763118648916e-08,100.0,1.0,0.001,NaN,NaN,NaN,transformer,embedding,2
13572,13573,NaN,NaN,NaN,NaN,2.687899351119995,55.60573959350586,14.700762748718262,transformer,embedding,2
13686,13687,3.656525748851891e-08,100.0,1.0,0.001,NaN,NaN,NaN,transformer,embedding,2
13822,13823,3.373548551621752e-08,100.0,1.0,0.001,NaN,NaN,NaN,transformer,embedding,2
13843,13844,NaN,NaN,NaN,NaN,2.689055919647217,55.60573959350586,14.717774391174316,transformer,embedding,2
13960,13961,3.1095776620304605e-08,100.0,1.0,0.001,NaN,NaN,NaN,transformer,embedding,2
14099,14100,2.304994239921143e-08,100.0,1.0,0.001,NaN,NaN,NaN,transformer,embedding,2
14119,14120,NaN,NaN,NaN,NaN,2.6893150806427,55.65887451171875,14.721589088439941,transformer,embedding,2
14239,14240,2.088538231248549e-08,100.0,1.0,0.001,NaN,NaN,NaN,transformer,embedding,2
14381,14382,2.6534358710250672e-08,100.0,1.0,0.001,NaN,NaN,NaN,transformer,embedding,2
14401,14402,NaN,NaN,NaN,NaN,2.6738121509552,55.55260467529297,14.495121955871582,transformer,embedding,2
14524,14525,4.272105869063125e-08,100.0,1.0,0.001,NaN,NaN,NaN,transformer,embedding,2
14669,14670,2.613312410915114e-08,100.0,1.0,0.001,NaN,NaN,NaN,transformer,embedding,2
14689,14690,NaN,NaN,NaN,NaN,2.669708251953125,55.57917022705078,14.43575668334961,transformer,embedding,2
14815,14816,2.092761697269907e-08,100.0,1.0,0.001,NaN,NaN,NaN,transformer,embedding,2
14963,14964,2.058973436191991e-08,100.0,1.0,0.001,NaN,NaN,NaN,transformer,embedding,2
14982,14983,NaN,NaN,NaN,NaN,2.6627089977264404,55.49946975708008,14.335070610046387,transformer,embedding,2
15112,15113,2.0177939319410143e-08,100.0,1.0,0.001,NaN,NaN,NaN,transformer,embedding,2
15263,15264,3.198271869564451e-08,100.0,1.0,0.001,NaN,NaN,NaN,transformer,embedding,2
15281,15282,NaN,NaN,NaN,NaN,2.685098886489868,55.63230514526367,14.659650802612305,transformer,embedding,2
15415,15416,2.2574795366381295e-08,100.0,1.0,0.001,NaN,NaN,NaN,transformer,embedding,2
15569,15570,3.205663290373195e-08,100.0,1.0,0.001,NaN,NaN,NaN,transformer,embedding,2
15586,15587,NaN,NaN,NaN,NaN,2.665663719177246,55.57917022705078,14.37748908996582,transformer,embedding,2
15724,15725,1.6049433781972766e-08,100.0,1.0,0.001,NaN,NaN,NaN,transformer,embedding,2
15881,15882,1.4972432182958073e-08,100.0,1.0,0.001,NaN,NaN,NaN,transformer,embedding,2
15897,15898,NaN,NaN,NaN,NaN,2.6455307006835938,55.472900390625,14.090921401977539,transformer,embedding,2
16039,16040,2.7526889212481365e-08,100.0,1.0,0.001,NaN,NaN,NaN,transformer,embedding,2
16199,16200,1.924876258385666e-08,100.0,1.0,0.001,NaN,NaN,NaN,transformer,embedding,2
16214,16215,NaN,NaN,NaN,NaN,2.662674903869629,55.52603530883789,14.33458137512207,transformer,embedding,2
16360,16361,2.6946153752760438e-08,100.0,1.0,0.001,NaN,NaN,NaN,transformer,embedding,2
16523,16524,2.2490324269597295e-08,100.0,1.0,0.001,NaN,NaN,NaN,transformer,embedding,2
16538,16539,NaN,NaN,NaN,NaN,2.6469736099243164,55.49946975708008,14.111268043518066,transformer,embedding,2
16688,16689,1.7580465083710806e-08,100.0,1.0,0.001,NaN,NaN,NaN,transformer,embedding,2
16854,16855,1.538422722546784e-08,100.0,1.0,0.001,NaN,NaN,NaN,transformer,embedding,2
16868,16869,NaN,NaN,NaN,NaN,2.6468143463134766,55.472900390625,14.109020233154297,transformer,embedding,2
17022,17023,9.861954808343398e-09,100.0,1.0,0.001,NaN,NaN,NaN,transformer,embedding,2
17192,17193,2.730515369364639e-08,100.0,1.0,0.001,NaN,NaN,NaN,transformer,embedding,2
17205,17206,NaN,NaN,NaN,NaN,2.644874334335327,55.3931999206543,14.08167552947998,transformer,embedding,2
17363,17364,1.6461228824482532e-08,100.0,1.0,0.001,NaN,NaN,NaN,transformer,embedding,2
17536,17537,3.830746564403853e-08,100.0,1.0,0.001,NaN,NaN,NaN,transformer,embedding,2
17549,17550,NaN,NaN,NaN,NaN,2.6551015377044678,55.52603530883789,14.226430892944336,transformer,embedding,2
17711,17712,1.744320066165983e-08,100.0,1.0,0.001,NaN,NaN,NaN,transformer,embedding,2
17888,17889,2.1086000501213675e-08,100.0,1.0,0.001,NaN,NaN,NaN,transformer,embedding,2
17899,17900,NaN,NaN,NaN,NaN,2.6397860050201416,55.41976547241211,14.010205268859863,transformer,embedding,2
18066,18067,2.6038094347313745e-08,100.0,1.0,0.001,NaN,NaN,NaN,transformer,embedding,2
18246,18247,3.244731061613493e-08,100.0,1.0,0.001,NaN,NaN,NaN,transformer,embedding,2
18256,18257,NaN,NaN,NaN,NaN,2.639735698699951,55.57917022705078,14.009500503540039,transformer,embedding,2
18428,18429,1.6503463484696113e-08,100.0,1.0,0.001,NaN,NaN,NaN,transformer,embedding,2
18612,18613,1.4803490877568493e-08,100.0,1.0,0.001,NaN,NaN,NaN,transformer,embedding,2
18621,18622,NaN,NaN,NaN,NaN,2.640181303024292,55.49946975708008,14.01574420928955,transformer,embedding,2
18798,18799,2.056861703181312e-08,100.0,1.0,0.001,NaN,NaN,NaN,transformer,embedding,2
18985,18986,2.8266008200716897e-08,100.0,1.0,0.001,NaN,NaN,NaN,transformer,embedding,2
18993,18994,NaN,NaN,NaN,NaN,2.630073308944702,55.3931999206543,13.874787330627441,transformer,embedding,2
19174,19175,2.1402764005529207e-08,100.0,1.0,0.001,NaN,NaN,NaN,transformer,embedding,2
19365,19366,2.455985637084268e-08,100.0,1.0,0.001,NaN,NaN,NaN,transformer,embedding,2
19372,19373,NaN,NaN,NaN,NaN,2.6215872764587402,55.55260467529297,13.757543563842773,transformer,embedding,2
19558,19559,1.8256230305269128e-08,100.0,1.0,0.001,NaN,NaN,NaN,transformer,embedding,2
19753,19754,2.9860395045488985e-08,100.0,1.0,0.001,NaN,NaN,NaN,transformer,embedding,2
19759,19760,NaN,NaN,NaN,NaN,2.629042148590088,55.44633483886719,13.86048698425293,transformer,embedding,2
19950,19951,2.6143682774204535e-08,100.0,1.0,0.001,NaN,NaN,NaN,transformer,embedding,2
20149,20150,1.773884861222541e-08,100.0,1.0,0.001,NaN,NaN,NaN,transformer,embedding,2
20154,20155,NaN,NaN,NaN,NaN,2.709951400756836,55.472900390625,15.028545379638672,transformer,embedding,2
20350,20351,2.0811469880754885e-08,100.0,1.0,0.001,NaN,NaN,NaN,transformer,embedding,2
20553,20554,2.0431350833405304e-08,100.0,1.0,0.001,NaN,NaN,NaN,transformer,embedding,2
20557,20558,NaN,NaN,NaN,NaN,2.618058919906616,55.3931999206543,13.709087371826172,transformer,embedding,2
20758,20759,1.4433931383450727e-08,100.0,1.0,0.001,NaN,NaN,NaN,transformer,embedding,2
20965,20966,1.3346371119382638e-08,100.0,1.0,0.001,NaN,NaN,NaN,transformer,embedding,2
20968,20969,NaN,NaN,NaN,NaN,2.621556282043457,55.472900390625,13.75711727142334,transformer,embedding,2
21174,21175,2.6481565384983696e-08,100.0,1.0,0.001,NaN,NaN,NaN,transformer,embedding,2
21385,21386,1.582769826313779e-08,100.0,1.0,0.001,NaN,NaN,NaN,transformer,embedding,2
21387,21388,NaN,NaN,NaN,NaN,2.6121747493743896,55.472900390625,13.628657341003418,transformer,embedding,2
21598,21599,1.3177429813993058e-08,100.0,1.0,0.001,NaN,NaN,NaN,transformer,embedding,2
21813,21814,2.3535649873451803e-08,100.0,1.0,0.001,NaN,NaN,NaN,transformer,embedding,2
21814,21815,NaN,NaN,NaN,NaN,2.609055995941162,55.340065002441406,13.586219787597656,transformer,embedding,2
22031,22032,1.4117166102778356e-08,100.0,1.0,0.001,NaN,NaN,NaN,transformer,embedding,2
22250,22251,NaN,NaN,NaN,NaN,2.6078243255615234,55.31349563598633,13.569496154785156,transformer,embedding,2
22251,22252,2.1835676378145763e-08,100.0,1.0,0.001,NaN,NaN,NaN,transformer,embedding,2
22473,22474,2.3482854771827988e-08,100.0,1.0,0.001,NaN,NaN,NaN,transformer,embedding,2
22694,22695,NaN,NaN,NaN,NaN,2.6128320693969727,55.44633483886719,13.637619018554688,transformer,embedding,2
22697,22698,3.087404110146963e-08,100.0,1.0,0.001,NaN,NaN,NaN,transformer,embedding,2
22923,22924,1.2396075277365526e-08,100.0,1.0,0.001,NaN,NaN,NaN,transformer,embedding,2
23147,23148,NaN,NaN,NaN,NaN,2.611377239227295,55.472900390625,13.617793083190918,transformer,embedding,2
23152,23153,1.1498574536972228e-08,100.0,1.0,0.001,NaN,NaN,NaN,transformer,embedding,2
23383,23384,1.3050723168817058e-08,100.0,1.0,0.001,NaN,NaN,NaN,transformer,embedding,2
23609,23610,NaN,NaN,NaN,NaN,2.6086981296539307,55.36663055419922,13.581357955932617,transformer,embedding,2
23616,23617,2.2553676259917665e-08,100.0,1.0,0.001,NaN,NaN,NaN,transformer,embedding,2
23852,23853,2.235305984754632e-08,100.0,1.0,0.001,NaN,NaN,NaN,transformer,embedding,2
24081,24082,NaN,NaN,NaN,NaN,2.6090245246887207,55.26036071777344,13.58579158782959,transformer,embedding,2
24090,24091,1.4771813994229888e-08,100.0,1.0,0.001,NaN,NaN,NaN,transformer,embedding,2
24330,24331,2.8603890811496058e-08,100.0,1.0,0.001,NaN,NaN,NaN,transformer,embedding,2
24562,24563,NaN,NaN,NaN,NaN,2.5964856147766113,55.36663055419922,13.41650390625,transformer,embedding,2
24573,24574,2.4485943939112076e-08,100.0,1.0,0.001,NaN,NaN,NaN,transformer,embedding,2
24818,24819,2.6967271082867228e-08,100.0,1.0,0.001,NaN,NaN,NaN,transformer,embedding,2
25053,25054,NaN,NaN,NaN,NaN,2.5923850536346436,55.3931999206543,13.361601829528809,transformer,embedding,2
25066,25067,1.1445780323526833e-08,100.0,1.0,0.001,NaN,NaN,NaN,transformer,embedding,2
25316,25317,2.111767649637386e-08,100.0,1.0,0.001,NaN,NaN,NaN,transformer,embedding,2
25554,25555,NaN,NaN,NaN,NaN,2.5963048934936523,55.41976547241211,13.414079666137695,transformer,embedding,2
25569,25570,1.6260610635754347e-08,100.0,1.0,0.001,NaN,NaN,NaN,transformer,embedding,2
25824,25825,1.8245671640215733e-08,100.0,1.0,0.001,NaN,NaN,NaN,transformer,embedding,2
26065,26066,NaN,NaN,NaN,NaN,2.6081490516662598,55.286930084228516,13.57390308380127,transformer,embedding,2
26082,26083,1.5521491647518815e-08,100.0,1.0,0.001,NaN,NaN,NaN,transformer,embedding,2
26342,26343,2.5489034882753003e-08,100.0,1.0,0.001,NaN,NaN,NaN,transformer,embedding,2
26586,26587,NaN,NaN,NaN,NaN,2.5819852352142334,55.57917022705078,13.223363876342773,transformer,embedding,2
26605,26606,1.1255720799852043e-08,100.0,1.0,0.001,NaN,NaN,NaN,transformer,embedding,2
26871,26872,2.0220175755980563e-08,100.0,1.0,0.001,NaN,NaN,NaN,transformer,embedding,2
27117,27118,NaN,NaN,NaN,NaN,2.6093130111694336,55.36663055419922,13.589712142944336,transformer,embedding,2
27139,27140,2.0748116114077675e-08,100.0,1.0,0.001,NaN,NaN,NaN,transformer,embedding,2
27410,27411,3.1539247657974556e-08,100.0,1.0,0.001,NaN,NaN,NaN,transformer,embedding,2
27659,27660,NaN,NaN,NaN,NaN,2.6139204502105713,55.340065002441406,13.652469635009766,transformer,embedding,2
27684,27685,1.6292286630914532e-08,100.0,1.0,0.001,NaN,NaN,NaN,transformer,embedding,2
27960,27961,1.740096422508941e-08,100.0,1.0,0.001,NaN,NaN,NaN,transformer,embedding,2
28212,28213,NaN,NaN,NaN,NaN,2.589026927947998,55.55260467529297,13.31680679321289,transformer,embedding,2
28239,28240,1.7728288170815176e-08,100.0,1.0,0.001,NaN,NaN,NaN,transformer,embedding,2
28521,28522,1.1498574536972228e-08,100.0,1.0,0.001,NaN,NaN,NaN,transformer,embedding,2
28776,28777,NaN,NaN,NaN,NaN,2.576756477355957,55.52603530883789,13.154402732849121,transformer,embedding,2
28806,28807,7.222245024252061e-09,100.0,1.0,0.001,NaN,NaN,NaN,transformer,embedding,2
29094,29095,6.007978559097182e-09,100.0,1.0,0.001,NaN,NaN,NaN,transformer,embedding,2
29351,29352,NaN,NaN,NaN,NaN,10.635022163391113,45.1912841796875,41565.3515625,transformer,embedding,2
29384,29385,4.457162958715344e-07,100.0,1.0000004768371582,0.001,NaN,NaN,NaN,transformer,embedding,2
29677,29678,3.278519145055725e-08,100.0,1.0,0.001,NaN,NaN,NaN,transformer,embedding,2
29938,29939,NaN,NaN,NaN,NaN,10.260643005371094,46.891605377197266,28585.16015625,transformer,embedding,2
29973,29974,3.7061520519188207e-09,100.0,1.0,0.001,NaN,NaN,NaN,transformer,embedding,2
30272,30273,4.529741470804538e-09,100.0,1.0,0.001,NaN,NaN,NaN,transformer,embedding,2
30536,30537,NaN,NaN,NaN,NaN,2.9185168743133545,54.994686126708984,18.513809204101562,transformer,embedding,2
30574,30575,1.7094759385827274e-08,100.0,1.0,0.001,NaN,NaN,NaN,transformer,embedding,2
30879,30880,1.2337136467976961e-06,100.0,1.0000011920928955,0.001,NaN,NaN,NaN,transformer,embedding,2
31146,31147,NaN,NaN,NaN,NaN,9.094545364379883,44.766204833984375,8906.578125,transformer,embedding,2
31187,31188,8.379493721122344e-08,100.0,1.0000001192092896,0.001,NaN,NaN,NaN,transformer,embedding,2
31498,31499,5.627860399926021e-09,100.0,1.0,0.001,NaN,NaN,NaN,transformer,embedding,2
31768,31769,NaN,NaN,NaN,NaN,6.2123026847839355,49.521785736083984,498.8486328125,transformer,embedding,2
31812,31813,4.3608001654149575e-09,100.0,1.0,0.001,NaN,NaN,NaN,transformer,embedding,2
32130,32131,2.2215793649138504e-08,100.0,1.0,0.001,NaN,NaN,NaN,transformer,embedding,2
32403,32404,NaN,NaN,NaN,NaN,2.5961058139801025,55.472900390625,13.411409378051758,transformer,embedding,2
32451,32452,2.6756094229085647e-08,100.0,1.0,0.001,NaN,NaN,NaN,transformer,embedding,2
32775,32776,4.44148417955148e-06,100.0,1.0000044107437134,0.001,NaN,NaN,NaN,transformer,embedding,2
33051,33052,NaN,NaN,NaN,NaN,11.167778968811035,42.64080810546875,70811.6640625,transformer,embedding,2
33102,33103,2.054325136668922e-07,100.0,1.000000238418579,0.001,NaN,NaN,NaN,transformer,embedding,2
33433,33434,1.0907279524019486e-08,100.0,1.0,0.001,NaN,NaN,NaN,transformer,embedding,2
33712,33713,NaN,NaN,NaN,NaN,9.036005020141602,46.094581604003906,8400.1513671875,transformer,embedding,2
33767,33768,4.445270818109748e-09,100.0,1.0,0.001,NaN,NaN,NaN,transformer,embedding,2
34104,34105,1.8118965883218152e-08,100.0,1.0,0.001,NaN,NaN,NaN,transformer,embedding,2
34386,34387,NaN,NaN,NaN,NaN,3.0516679286956787,54.8884162902832,21.150592803955078,transformer,embedding,2
34445,34446,2.6269815862178802e-05,100.0,1.0000262260437012,0.001,NaN,NaN,NaN,transformer,embedding,2
34789,34790,1.9056579958487418e-07,100.0,1.000000238418579,0.001,NaN,NaN,NaN,transformer,embedding,2
35073,35074,NaN,NaN,NaN,NaN,9.065314292907715,46.12114715576172,8649.9970703125,transformer,embedding,2
35136,35137,8.119746652823778e-09,100.0,1.0,0.001,NaN,NaN,NaN,transformer,embedding,2
35487,35488,3.39994565834445e-09,100.0,1.0,0.001,NaN,NaN,NaN,transformer,embedding,2
35774,35775,NaN,NaN,NaN,NaN,2.8882625102996826,55.65887451171875,17.962074279785156,transformer,embedding,2
35841,35842,2.237417717765311e-08,100.0,1.0,0.001,NaN,NaN,NaN,transformer,embedding,2
36199,36200,4.930977404171699e-09,100.0,1.0,0.001,NaN,NaN,NaN,transformer,embedding,2
36489,36490,NaN,NaN,NaN,NaN,2.692763090133667,55.71200942993164,14.77243709564209,transformer,embedding,2
36560,36561,1.910093772039545e-08,100.0,1.0,0.001,NaN,NaN,NaN,transformer,embedding,2
36925,36926,1.7073640279363644e-08,100.0,1.0,0.001,NaN,NaN,NaN,transformer,embedding,2
37218,37219,NaN,NaN,NaN,NaN,2.5388338565826416,55.844844818115234,12.66489315032959,transformer,embedding,2
37294,37295,2.4612649696109656e-08,100.0,1.0,0.001,NaN,NaN,NaN,transformer,embedding,2
37666,37667,1.8031306581178796e-07,100.0,1.000000238418579,0.001,NaN,NaN,NaN,transformer,embedding,2
37962,37963,NaN,NaN,NaN,NaN,12.715010643005371,43.25185775756836,332704.71875,transformer,embedding,2
38042,38043,6.271949626324158e-09,100.0,1.0,0.001,NaN,NaN,NaN,transformer,embedding,2
38422,38423,3.51609297233324e-09,100.0,1.0,0.001,NaN,NaN,NaN,transformer,embedding,2
38721,38722,NaN,NaN,NaN,NaN,2.965808629989624,54.755577087402344,19.41039276123047,transformer,embedding,2
38806,38807,1.6545699921266532e-08,100.0,1.0,0.001,NaN,NaN,NaN,transformer,embedding,2
39194,39195,2.3577884533665383e-08,100.0,1.0,0.001,NaN,NaN,NaN,transformer,embedding,2
39495,39496,NaN,NaN,NaN,NaN,2.542424201965332,55.9245491027832,12.71044635772705,transformer,embedding,2
39585,39586,6.553475031978451e-06,100.0,1.0000065565109253,0.001,NaN,NaN,NaN,transformer,embedding,2
39980,39981,3.3323694026421435e-08,100.0,1.0,0.001,NaN,NaN,NaN,transformer,embedding,2
40284,40285,NaN,NaN,NaN,NaN,7.324921131134033,49.70775604248047,1517.6541748046875,transformer,embedding,2
40379,40380,2.8403273066857082e-09,100.0,1.0,0.001,NaN,NaN,NaN,transformer,embedding,2
40782,40783,1.6176139538970347e-08,100.0,1.0,0.001,NaN,NaN,NaN,transformer,embedding,2
41089,41090,NaN,NaN,NaN,NaN,2.5077667236328125,56.030818939208984,12.277480125427246,transformer,embedding,2
41189,41190,6.286999996518716e-05,100.0,1.0000628232955933,0.001,NaN,NaN,NaN,transformer,embedding,2
41600,41601,3.475969378996524e-08,100.0,1.0,0.001,NaN,NaN,NaN,transformer,embedding,2
41910,41911,NaN,NaN,NaN,NaN,9.469376564025879,46.546226501464844,12956.806640625,transformer,embedding,2
42016,42017,2.407415156113757e-09,100.0,1.0,0.001,NaN,NaN,NaN,transformer,embedding,2
42436,42437,1.4634549572178912e-08,100.0,1.0,0.001,NaN,NaN,NaN,transformer,embedding,2
42748,42749,NaN,NaN,NaN,NaN,9.090123176574707,43.916046142578125,8867.2783203125,transformer,embedding,2
42860,42861,5.600780923487036e-07,100.0,1.0000005960464478,0.001,NaN,NaN,NaN,transformer,embedding,2
43288,43289,1.1403544775134833e-08,100.0,1.0,0.001,NaN,NaN,NaN,transformer,embedding,2
43602,43603,NaN,NaN,NaN,NaN,7.63144063949585,48.00743865966797,2062.0185546875,transformer,embedding,2
43720,43721,4.0017997804397965e-09,100.0,1.0,0.001,NaN,NaN,NaN,transformer,embedding,2
44157,44158,1.0558837831853296e-10,100.0,1.0,0.001,NaN,NaN,NaN,transformer,embedding,2
44474,44475,NaN,NaN,NaN,NaN,2.5391039848327637,56.34962844848633,12.668314933776855,transformer,embedding,2
44598,44599,1.388914643030148e-05,100.0,1.0000139474868774,0.001,NaN,NaN,NaN,transformer,embedding,2
45043,45044,8.94333584966489e-09,100.0,1.0,0.001,NaN,NaN,NaN,transformer,embedding,2
45363,45364,NaN,NaN,NaN,NaN,10.681842803955078,46.891605377197266,43557.74609375,transformer,embedding,2
45493,45494,1.9956203356485958e-09,100.0,1.0,0.001,NaN,NaN,NaN,transformer,embedding,2
45947,45948,8.806070539435495e-09,100.0,1.0,0.001,NaN,NaN,NaN,transformer,embedding,2
46270,46271,NaN,NaN,NaN,NaN,3.2744951248168945,55.9245491027832,26.42987823486328,transformer,embedding,2
46406,46407,1.510224052481135e-07,100.0,1.0000001192092896,0.001,NaN,NaN,NaN,transformer,embedding,2
46870,46871,3.639631529495091e-08,100.0,1.0,0.001,NaN,NaN,NaN,transformer,embedding,2
47195,47196,NaN,NaN,NaN,NaN,10.136804580688477,47.05101013183594,25255.634765625,transformer,embedding,2
47338,47339,2.766415541088918e-09,100.0,1.0,0.001,NaN,NaN,NaN,transformer,embedding,2
47811,47812,3.3260338927476596e-09,100.0,1.0,0.001,NaN,NaN,NaN,transformer,embedding,2
48138,48139,NaN,NaN,NaN,NaN,3.0433766841888428,56.29649353027344,20.9759521484375,transformer,embedding,2
48289,48290,1.3378047114542824e-08,100.0,1.0,0.001,NaN,NaN,NaN,transformer,embedding,2
48771,48772,7.934958290434224e-08,100.0,1.0000001192092896,0.001,NaN,NaN,NaN,transformer,embedding,2
49100,49101,NaN,NaN,NaN,NaN,14.980031967163086,44.39426040649414,3204389.0,transformer,embedding,2
49258,49259,1.5627079630320395e-09,100.0,1.0,0.001,NaN,NaN,NaN,transformer,embedding,2
49750,49751,8.362599501765544e-09,100.0,1.0,0.001,NaN,NaN,NaN,transformer,embedding,2
50081,50082,NaN,NaN,NaN,NaN,11.510598182678223,43.59723663330078,99767.5390625,transformer,embedding,2
50247,50248,2.5456245111854514e-07,100.0,1.000000238418579,0.001,NaN,NaN,NaN,transformer,embedding,2
50749,50750,3.875093579353006e-09,100.0,1.0,0.001,NaN,NaN,NaN,transformer,embedding,2
51082,51083,NaN,NaN,NaN,NaN,6.598546028137207,48.40595245361328,734.0271606445312,transformer,embedding,2
51256,51257,1.028430851590656e-08,100.0,1.0,0.001,NaN,NaN,NaN,transformer,embedding,2
51768,51769,2.0042755011218105e-07,100.0,1.000000238418579,0.001,NaN,NaN,NaN,transformer,embedding,2
52103,52104,NaN,NaN,NaN,NaN,8.954236030578613,47.21041488647461,7740.61181640625,transformer,embedding,2
52285,52286,2.5657975744053374e-09,100.0,1.0,0.001,NaN,NaN,NaN,transformer,embedding,2
52807,52808,1.0759456436915116e-08,100.0,1.0,0.001,NaN,NaN,NaN,transformer,embedding,2
53145,53146,NaN,NaN,NaN,NaN,2.9627389907836914,55.81827926635742,19.350900650024414,transformer,embedding,2
53335,53336,1.3156311595707848e-08,100.0,1.0,0.001,NaN,NaN,NaN,transformer,embedding,2
53868,53869,6.058041321921337e-07,100.0,1.0000005960464478,0.001,NaN,NaN,NaN,transformer,embedding,2
54207,54208,NaN,NaN,NaN,NaN,12.625996589660645,44.47396469116211,304369.15625,transformer,embedding,2
54406,54407,4.170741085829377e-09,100.0,1.0,0.001,NaN,NaN,NaN,transformer,embedding,2
54950,54951,6.483126480105739e-09,100.0,1.0,0.001,NaN,NaN,NaN,transformer,embedding,2
55291,55292,NaN,NaN,NaN,NaN,2.8951494693756104,56.56216812133789,18.086204528808594,transformer,embedding,2
55499,55500,1.357866530327101e-08,100.0,1.0,0.001,NaN,NaN,NaN,transformer,embedding,2
56053,56054,6.266670027343935e-08,100.0,1.0000001192092896,0.001,NaN,NaN,NaN,transformer,embedding,2
56396,56397,NaN,NaN,NaN,NaN,10.355775833129883,46.599361419677734,31438.1015625,transformer,embedding,2
56613,56614,2.713621327643523e-09,100.0,1.0,0.001,NaN,NaN,NaN,transformer,embedding,2
57179,57180,1.583825709472464e-10,100.0,1.0,0.001,NaN,NaN,NaN,transformer,embedding,2
57523,57524,NaN,NaN,NaN,NaN,5.571674823760986,47.21041488647461,262.8739929199219,transformer,embedding,2
57750,57751,1.384684935601399e-07,100.0,1.0000001192092896,0.001,NaN,NaN,NaN,transformer,embedding,2
58327,58328,2.417973821167152e-09,100.0,1.0,0.001,NaN,NaN,NaN,transformer,embedding,2
58673,58674,NaN,NaN,NaN,NaN,3.172677993774414,55.55260467529297,23.871326446533203,transformer,embedding,2
58910,58911,2.7452978779152204e-10,100.0,1.0,0.001,NaN,NaN,NaN,transformer,embedding,2
59499,59500,1.3515312424772219e-08,100.0,1.0,0.001,NaN,NaN,NaN,transformer,embedding,2
59846,59847,NaN,NaN,NaN,NaN,9.634894371032715,47.15727996826172,15289.083984375,transformer,embedding,2
60093,60094,4.888741855779699e-09,100.0,1.0,0.001,NaN,NaN,NaN,transformer,embedding,2
60693,60694,9.742631590370365e-08,100.0,1.0000001192092896,0.001,NaN,NaN,NaN,transformer,embedding,2
61042,61043,NaN,NaN,NaN,NaN,10.910893440246582,46.785335540771484,54769.7578125,transformer,embedding,2
61299,61300,2.1962383023321763e-09,100.0,1.0,0.001,NaN,NaN,NaN,transformer,embedding,2
61911,61912,1.6783185685653734e-07,100.0,1.0000001192092896,0.001,NaN,NaN,NaN,transformer,embedding,2
62262,62263,NaN,NaN,NaN,NaN,13.678505897521973,45.696067810058594,871966.1875,transformer,embedding,2
62530,62531,1.552149186956342e-09,100.0,1.0,0.001,NaN,NaN,NaN,transformer,embedding,2
63155,63156,7.264480572644061e-09,100.0,1.0,0.001,NaN,NaN,NaN,transformer,embedding,2
63507,63508,NaN,NaN,NaN,NaN,13.778549194335938,45.005313873291016,963713.375,transformer,embedding,2
63786,63787,3.0303863862712888e-09,100.0,1.0,0.001,NaN,NaN,NaN,transformer,embedding,2
64423,64424,1.1086779494462462e-08,100.0,1.0,0.001,NaN,NaN,NaN,transformer,embedding,2
64777,64778,NaN,NaN,NaN,NaN,7.430655479431152,42.50796890258789,1686.9129638671875,transformer,embedding,2
65067,65068,5.288918814017052e-08,100.0,1.0,0.001,NaN,NaN,NaN,transformer,embedding,2
65717,65718,2.1856794152341763e-09,100.0,1.0,0.001,NaN,NaN,NaN,transformer,embedding,2
66072,66073,NaN,NaN,NaN,NaN,3.4550912380218506,54.064823150634766,31.661176681518555,transformer,embedding,2
66374,66375,1.3937604137481685e-07,100.0,1.0000001192092896,0.001,NaN,NaN,NaN,transformer,embedding,2
67037,67038,1.6260609525531322e-09,100.0,1.0,0.001,NaN,NaN,NaN,transformer,embedding,2
67393,67394,NaN,NaN,NaN,NaN,4.198748588562012,52.55047607421875,66.6029281616211,transformer,embedding,2
67707,67708,2.7588995976657316e-07,100.0,1.000000238418579,0.001,NaN,NaN,NaN,transformer,embedding,2
68384,68385,1.9111496829538055e-09,100.0,1.0,0.001,NaN,NaN,NaN,transformer,embedding,2
68740,68741,NaN,NaN,NaN,NaN,3.542795181274414,54.17109298706055,34.56339645385742,transformer,embedding,2
69067,69068,6.636598754994338e-07,100.0,1.0000007152557373,0.001,NaN,NaN,NaN,transformer,embedding,2
69757,69758,1.3409724441970639e-09,100.0,1.0,0.001,NaN,NaN,NaN,transformer,embedding,2
70114,70115,NaN,NaN,NaN,NaN,4.283549785614014,52.8161506652832,72.4973373413086,transformer,embedding,2
70454,70455,1.3968227108307474e-07,100.0,1.0000001192092896,0.001,NaN,NaN,NaN,transformer,embedding,2
71158,71159,2.1856794152341763e-09,100.0,1.0,0.001,NaN,NaN,NaN,transformer,embedding,2
71516,71517,NaN,NaN,NaN,NaN,3.298055410385132,54.38363265991211,27.059967041015625,transformer,embedding,2
71869,71870,0.0005673026898875833,99.96456909179688,1.0005674362182617,0.001,NaN,NaN,NaN,transformer,embedding,2
72587,72588,1.531031412760342e-09,100.0,1.0,0.001,NaN,NaN,NaN,transformer,embedding,2
72946,72947,NaN,NaN,NaN,NaN,4.337793827056885,52.78958511352539,76.53849792480469,transformer,embedding,2
73312,73313,0.0014463000698015094,99.91142272949219,1.001447319984436,0.001,NaN,NaN,NaN,transformer,embedding,2
74045,74046,2.037855661995991e-09,100.0,1.0,0.001,NaN,NaN,NaN,transformer,embedding,2
74404,74405,NaN,NaN,NaN,NaN,3.9906864166259766,53.58660888671875,54.09200668334961,transformer,embedding,2
74785,74786,3.4569591633726304e-08,100.0,1.0,0.001,NaN,NaN,NaN,transformer,embedding,2
75532,75533,2.080090988343386e-09,100.0,1.0,0.001,NaN,NaN,NaN,transformer,embedding,2
75892,75893,NaN,NaN,NaN,NaN,3.253387451171875,54.56960678100586,25.877851486206055,transformer,embedding,2
76287,76288,0.0004306609625928104,99.98228454589844,1.000430703163147,0.001,NaN,NaN,NaN,transformer,embedding,2
77049,77050,1.5204726366846444e-09,100.0,1.0,0.001,NaN,NaN,NaN,transformer,embedding,2
77409,77410,NaN,NaN,NaN,NaN,4.0226216316223145,52.97555923461914,55.84732437133789,transformer,embedding,2
77819,77820,1.5204726366846444e-09,100.0,1.0,0.001,NaN,NaN,NaN,transformer,embedding,2
78597,78598,1.1192368143397857e-09,100.0,1.0,0.001,NaN,NaN,NaN,transformer,embedding,2
78957,78958,NaN,NaN,NaN,NaN,7.958282947540283,47.98086929321289,2859.159423828125,transformer,embedding,2
79382,79383,3.167651210778111e-11,100.0,1.0,0.001,NaN,NaN,NaN,transformer,embedding,2
80175,80176,1.2987371178496687e-09,100.0,1.0,0.001,NaN,NaN,NaN,transformer,embedding,2
80536,80537,NaN,NaN,NaN,NaN,9.834961891174316,47.635494232177734,18675.390625,transformer,embedding,2
80976,80977,0.00013114915054757148,99.98228454589844,1.0001311302185059,0.001,NaN,NaN,NaN,transformer,embedding,2
81785,81786,1.4676784232392492e-09,100.0,1.0,0.001,NaN,NaN,NaN,transformer,embedding,2
82146,82147,NaN,NaN,NaN,NaN,4.218502521514893,52.52391052246094,67.93167877197266,transformer,embedding,2
82602,82603,1.6711307182504243e-07,100.0,1.0000001192092896,0.001,NaN,NaN,NaN,transformer,embedding,2
83428,83429,1.1825899148831809e-09,100.0,1.0,0.001,NaN,NaN,NaN,transformer,embedding,2
83788,83789,NaN,NaN,NaN,NaN,3.841113567352295,53.108394622802734,46.57731246948242,transformer,embedding,2
84262,84263,0.0041289557702839375,99.80513763427734,1.0041375160217285,0.001,NaN,NaN,NaN,transformer,embedding,2
85104,85105,1.224825241230576e-09,100.0,1.0,0.001,NaN,NaN,NaN,transformer,embedding,2
85463,85464,NaN,NaN,NaN,NaN,5.191707611083984,50.69075393676758,179.77528381347656,transformer,embedding,2
85955,85956,1.200539845314097e-08,100.0,1.0,0.001,NaN,NaN,NaN,transformer,embedding,2
86814,86815,8.66880611738452e-09,100.0,1.0,0.001,NaN,NaN,NaN,transformer,embedding,2
87172,87173,NaN,NaN,NaN,NaN,18.0743408203125,44.36769485473633,70727200.0,transformer,embedding,2
87682,87683,1.2565016804799711e-09,100.0,1.0,0.001,NaN,NaN,NaN,transformer,embedding,2
88558,88559,3.167651210778111e-11,100.0,1.0,0.001,NaN,NaN,NaN,transformer,embedding,2
88915,88916,NaN,NaN,NaN,NaN,3.142300605773926,55.07438659667969,23.157081604003906,transformer,embedding,2
89443,89444,1.9956203356485958e-09,100.0,1.0,0.001,NaN,NaN,NaN,transformer,embedding,2
90337,90338,0.0021879607811570168,99.89370727539062,1.002190351486206,0.001,NaN,NaN,NaN,transformer,embedding,2
90693,90694,NaN,NaN,NaN,NaN,19.511011123657227,44.6068000793457,297525696.0,transformer,embedding,2
91240,91241,3.864534470210401e-09,100.0,1.0,0.001,NaN,NaN,NaN,transformer,embedding,2
92152,92153,3.0092688341198937e-09,100.0,1.0,0.001,NaN,NaN,NaN,transformer,embedding,2
92506,92507,NaN,NaN,NaN,NaN,15.792876243591309,45.93517303466797,7223688.5,transformer,embedding,2
93073,93074,7.873822323745117e-05,100.0,1.000078797340393,0.001,NaN,NaN,NaN,transformer,embedding,2
94003,94004,4.403035269717748e-09,100.0,1.0,0.001,NaN,NaN,NaN,transformer,embedding,2
94356,94357,NaN,NaN,NaN,NaN,21.8425350189209,44.34112548828125,3062615296.0,transformer,embedding,2
94943,94944,1.4043254337181565e-09,100.0,1.0,0.001,NaN,NaN,NaN,transformer,embedding,2
95892,95893,0.004616546910256147,99.84056091308594,1.0046272277832031,0.001,NaN,NaN,NaN,transformer,embedding,2
96243,96244,NaN,NaN,NaN,NaN,24.03992462158203,44.39426040649414,27568084992.0,transformer,embedding,2
96850,96851,3.44218120673645e-09,100.0,1.0,0.001,NaN,NaN,NaN,transformer,embedding,2
97818,97819,8.235893633745661e-10,100.0,1.0,0.001,NaN,NaN,NaN,transformer,embedding,2
98167,98168,NaN,NaN,NaN,NaN,11.128022193908691,46.838470458984375,68051.6484375,transformer,embedding,2
98796,98797,6.0502141074891824e-09,100.0,1.0,0.001,NaN,NaN,NaN,transformer,embedding,2
99783,99784,0.000723681936506182,99.92913818359375,1.000723958015442,0.001,NaN,NaN,NaN,transformer,embedding,2
